# V4 Final S-box - PERTURBATION KAPALI
# Generated on: 2026-01-20T10:04:28.409

sbox = UInt8[
    255,  45, 228, 106, 215,  14, 191, 241,  16, 101,   3,  83, 254, 249,  68,  52,
     93, 197,   7,  87, 104, 125, 150,  11, 151, 200, 133,   4,  29, 193, 207,  97,
    216, 194, 184, 206, 222,  88,  40, 225, 160, 146, 161, 181,  99,  58, 187, 114,
    212,  28,  44, 155,  19, 172, 190, 213,   1, 230,  81, 186,   8,  95, 132,  71,
    166,  79, 131,  17, 140,  55, 105, 205, 178,  66, 110,  50,  67,  69,  42,  64,
     74, 202, 229, 192, 109,  62, 117,  31,  94, 145, 226,  98, 209, 185, 137, 119,
    233, 198,  18, 227, 143, 116, 214, 240, 126,  72,   5,  92, 247, 221, 168, 159,
    138, 164, 148,  13,  80,  47,  53, 179, 158,  41, 173, 204, 246,  89, 142, 129,
    122, 232, 252, 231,  65, 170,  27, 180, 219, 245,  39,  51, 136, 102, 115,   0,
    208, 113,  34,  78,  33,  56,  20, 157, 103, 128,  59,  43,   9, 124,  15, 199,
    238,  35,  70,  82, 134,  86, 182,  22, 250, 177, 167,   2, 171, 196, 135,  49,
    152, 121, 224,  21,  96,  61,  23, 120, 112, 242,  10,  37,  90, 239,  46,  57,
    189, 183, 156, 220, 234,  84, 203, 107,  32,  76, 165, 188, 243, 235,  75, 141,
     24, 169, 237, 127, 248, 176, 154, 251, 162,  60, 201, 118,  63, 163,  36, 108,
    174, 211,  25,  73, 236, 175, 139, 210,  85, 144, 153,  48, 253, 218,  91, 244,
    147, 123,  26,  30, 100,   6, 130,  54, 223, 111, 195,  77,  38,  12, 217, 149
]
