# Final optimized S-box - THREAD-SAFE VERSION with Early Stopping
# Generated on: 2025-08-03T16:33:22.228
# Format: 16 values per line (256 total)

sbox = UInt8[
     66, 230,   3, 241,  24, 113,  22, 227,   5,   7, 125,  14, 148,  10,  50, 201,
    174,  91,  97,  60,  76,  20, 251,  18,   6,  25,  38,  12, 142,  51, 236,  92,
     17,  41, 165, 126, 167,  45,  96, 121,  29, 110,  42,  40, 108,  36, 128, 162,
    134, 205,  63,  58, 220,  55,  16, 106, 228, 217, 161, 255, 212, 216, 130,  31,
     95,   2, 199, 157, 116, 202,  54, 122,  98,  82, 118,  37, 184, 143, 124, 244,
    235,  48,  64,  74, 120,  85,   9,  57, 207, 243, 246,  73, 144,  44,  71, 166,
    249, 159, 250, 186, 183, 173, 215, 240, 114, 203, 153, 204,  32, 131,  99,  78,
    245,  11, 169,  88,  87, 192, 180, 146, 117, 197, 119, 168,  19,  27,  84, 214,
    252,  90, 222, 101, 100, 193,  15, 135,  79,  72, 187,  34, 149, 129, 231, 152,
    102,  93, 209,  28, 213,  53, 239, 136, 221,  94,  23,  77,   8, 182, 158,  35,
     59,  70, 150,  47,  68, 133,  13, 210, 226, 195, 171, 132, 115, 229, 156,  56,
     65, 223, 111, 105,  21, 145, 137, 151, 104, 175, 127, 194, 234,  69,  30, 200,
    181,  89, 147, 107, 254,  52, 190, 141, 177, 208, 138,  67, 172,  46, 112, 188,
    170,   0, 237, 185, 154, 109,  81, 176, 247, 238, 218, 224, 211, 232,  62, 219,
     80, 248, 225,   4, 163, 198,  33,  26,  43, 233, 189, 191, 164, 206, 123, 139,
     39,  86, 155, 140,  61, 160,  49,   1, 242, 179, 178, 196,  83, 253, 103,  75
]

# Comma-separated format:
66, 230, 3, 241, 24, 113, 22, 227, 5, 7, 125, 14, 148, 10, 50, 201, 174, 91, 97, 60, 76, 20, 251, 18, 6, 25, 38, 12, 142, 51, 236, 92, 17, 41, 165, 126, 167, 45, 96, 121, 29, 110, 42, 40, 108, 36, 128, 162, 134, 205, 63, 58, 220, 55, 16, 106, 228, 217, 161, 255, 212, 216, 130, 31, 95, 2, 199, 157, 116, 202, 54, 122, 98, 82, 118, 37, 184, 143, 124, 244, 235, 48, 64, 74, 120, 85, 9, 57, 207, 243, 246, 73, 144, 44, 71, 166, 249, 159, 250, 186, 183, 173, 215, 240, 114, 203, 153, 204, 32, 131, 99, 78, 245, 11, 169, 88, 87, 192, 180, 146, 117, 197, 119, 168, 19, 27, 84, 214, 252, 90, 222, 101, 100, 193, 15, 135, 79, 72, 187, 34, 149, 129, 231, 152, 102, 93, 209, 28, 213, 53, 239, 136, 221, 94, 23, 77, 8, 182, 158, 35, 59, 70, 150, 47, 68, 133, 13, 210, 226, 195, 171, 132, 115, 229, 156, 56, 65, 223, 111, 105, 21, 145, 137, 151, 104, 175, 127, 194, 234, 69, 30, 200, 181, 89, 147, 107, 254, 52, 190, 141, 177, 208, 138, 67, 172, 46, 112, 188, 170, 0, 237, 185, 154, 109, 81, 176, 247, 238, 218, 224, 211, 232, 62, 219, 80, 248, 225, 4, 163, 198, 33, 26, 43, 233, 189, 191, 164, 206, 123, 139, 39, 86, 155, 140, 61, 160, 49, 1, 242, 179, 178, 196, 83, 253, 103, 75
