# Initial S-box before optimization
# Generated on: 2025-08-03T16:33:22.330
# Format: 16 values per line (256 total)

sbox = UInt8[
     66, 230,   3, 241,  24, 113,  22, 227,   5,   7, 125,  35, 148,  10,  43, 201,
    174,  91,  97,  60, 143,  20, 242,  18,   6,  25,  38,  12, 142,  51, 236,  92,
     17,  41, 120, 126, 167, 231,  96, 121,  29, 110,  42,  40, 156,  36, 221, 123,
    134, 205,  63,  56,  80,  53,  16, 106, 228, 217,  67, 255, 212, 216, 130,  31,
     95,   2, 244, 157,  54, 149, 254, 122,  98,  82, 118,  37, 184, 229, 108, 199,
    235,  48,  64,  74, 165,  85,   9,  57, 207, 243, 246,  13, 144,  44,  71, 166,
    249, 159, 250, 186, 183, 173, 182, 240, 114, 203, 104, 204, 161, 131,  99,  78,
    245,  11, 169,  88,  87, 192, 180, 146, 117, 222, 119, 168, 234,  27,  84, 214,
    252,  90, 202, 101, 100, 193,  15, 135,  79,  72, 187,  34, 176, 129,  45, 152,
    102,  93, 251,  28,  89, 109, 239, 136, 138,  94,  23,  77,   8,  50, 158,  14,
     59,  70, 150,  47,  68, 133, 105, 210, 226, 195, 171, 132, 115,  76, 124,  26,
     65, 223, 111,  73,  21, 160, 137, 151,  32, 175, 127, 194,  19,  69,  30, 200,
    181, 213, 147, 107, 116,  52, 190, 141, 177,  61, 128, 153, 172,  46, 112, 188,
    170,   0, 237, 185, 154, 208,  81, 145, 247, 238, 218, 224, 211, 232,  62, 219,
    220, 248, 225,   4, 163, 198,  33,  58, 215, 233, 189, 191, 164, 206, 162, 139,
     39,  86, 155, 140,  55, 197,  49,   1, 209, 179, 178, 196,  83, 253, 103,  75
]

# Comma-separated format:
66, 230, 3, 241, 24, 113, 22, 227, 5, 7, 125, 35, 148, 10, 43, 201, 174, 91, 97, 60, 143, 20, 242, 18, 6, 25, 38, 12, 142, 51, 236, 92, 17, 41, 120, 126, 167, 231, 96, 121, 29, 110, 42, 40, 156, 36, 221, 123, 134, 205, 63, 56, 80, 53, 16, 106, 228, 217, 67, 255, 212, 216, 130, 31, 95, 2, 244, 157, 54, 149, 254, 122, 98, 82, 118, 37, 184, 229, 108, 199, 235, 48, 64, 74, 165, 85, 9, 57, 207, 243, 246, 13, 144, 44, 71, 166, 249, 159, 250, 186, 183, 173, 182, 240, 114, 203, 104, 204, 161, 131, 99, 78, 245, 11, 169, 88, 87, 192, 180, 146, 117, 222, 119, 168, 234, 27, 84, 214, 252, 90, 202, 101, 100, 193, 15, 135, 79, 72, 187, 34, 176, 129, 45, 152, 102, 93, 251, 28, 89, 109, 239, 136, 138, 94, 23, 77, 8, 50, 158, 14, 59, 70, 150, 47, 68, 133, 105, 210, 226, 195, 171, 132, 115, 76, 124, 26, 65, 223, 111, 73, 21, 160, 137, 151, 32, 175, 127, 194, 19, 69, 30, 200, 181, 213, 147, 107, 116, 52, 190, 141, 177, 61, 128, 153, 172, 46, 112, 188, 170, 0, 237, 185, 154, 208, 81, 145, 247, 238, 218, 224, 211, 232, 62, 219, 220, 248, 225, 4, 163, 198, 33, 58, 215, 233, 189, 191, 164, 206, 162, 139, 39, 86, 155, 140, 55, 197, 49, 1, 209, 179, 178, 196, 83, 253, 103, 75
