# Initial S-box before optimization
# Generated on: 2025-07-23T20:55:39.002
# Format: 16 values per line (256 total)

sbox = UInt8[
    217, 218,   2, 204,   3, 229,  98, 197, 169,  41, 137, 235, 181,  56,  16,  61,
    224, 179, 142,  19, 162,  74,  57, 123,  25,  24, 203, 154,  48,  67, 230,   9,
    130,  29, 135, 133, 214,  33, 138, 118, 246, 109, 117,  46,  53,  23,  80, 239,
    178, 211, 165,  39,  45, 241, 200,  55, 143, 104,  94, 190, 111, 202, 124, 151,
    122,  64,  63, 171,  10,  50,  87, 199, 184, 254,  13, 196, 189, 186, 206,  79,
     75, 156, 228, 250,  38,  28, 174,  70,  65, 127,  59, 153, 209,  92, 216,  88,
     96,  83,  97, 152,  54, 176, 144, 185, 100,  89, 102,  26,  47, 166, 112,  99,
    167, 172,  32, 155,  30, 145, 201, 140, 213, 191, 215,  17,  14, 192, 212,  52,
    255, 125, 180, 164, 119,  68, 105,  85, 205,  11, 219,  90, 242, 108, 227, 134,
     12,   5, 146,  36, 223, 149, 136, 232, 252,  91, 116, 115, 208,  18,  81, 113,
    248, 121,  43, 163,  84, 251,   6, 194,  34, 193, 222, 114, 141, 161, 187, 247,
    101,  95,  62,  15, 157, 131, 238, 183,  66, 106, 195, 177,  60, 103, 129, 170,
    139, 249, 159, 207, 236,  49,  93,  86, 245, 110, 126, 107,  71, 150,  31, 182,
    147, 234,  76,  73, 225,   0, 158, 240, 128, 221,  58, 168, 210,  22,  27,   4,
    173,  69,  20, 132,   8,  78, 188, 220,  82,   1, 198,  42, 160, 244, 237, 233,
     40,  44, 226, 243,  72,  21,  35, 175, 120,   7, 231,  51,  37, 253,  77, 148
]

# Comma-separated format:
217, 218, 2, 204, 3, 229, 98, 197, 169, 41, 137, 235, 181, 56, 16, 61, 224, 179, 142, 19, 162, 74, 57, 123, 25, 24, 203, 154, 48, 67, 230, 9, 130, 29, 135, 133, 214, 33, 138, 118, 246, 109, 117, 46, 53, 23, 80, 239, 178, 211, 165, 39, 45, 241, 200, 55, 143, 104, 94, 190, 111, 202, 124, 151, 122, 64, 63, 171, 10, 50, 87, 199, 184, 254, 13, 196, 189, 186, 206, 79, 75, 156, 228, 250, 38, 28, 174, 70, 65, 127, 59, 153, 209, 92, 216, 88, 96, 83, 97, 152, 54, 176, 144, 185, 100, 89, 102, 26, 47, 166, 112, 99, 167, 172, 32, 155, 30, 145, 201, 140, 213, 191, 215, 17, 14, 192, 212, 52, 255, 125, 180, 164, 119, 68, 105, 85, 205, 11, 219, 90, 242, 108, 227, 134, 12, 5, 146, 36, 223, 149, 136, 232, 252, 91, 116, 115, 208, 18, 81, 113, 248, 121, 43, 163, 84, 251, 6, 194, 34, 193, 222, 114, 141, 161, 187, 247, 101, 95, 62, 15, 157, 131, 238, 183, 66, 106, 195, 177, 60, 103, 129, 170, 139, 249, 159, 207, 236, 49, 93, 86, 245, 110, 126, 107, 71, 150, 31, 182, 147, 234, 76, 73, 225, 0, 158, 240, 128, 221, 58, 168, 210, 22, 27, 4, 173, 69, 20, 132, 8, 78, 188, 220, 82, 1, 198, 42, 160, 244, 237, 233, 40, 44, 226, 243, 72, 21, 35, 175, 120, 7, 231, 51, 37, 253, 77, 148
