# Final optimized S-box - COMPOSITE FITNESS WITH EARLY STOPPING
# Generated on: 2026-01-28T17:08:11.875
# Format: 16 values per line (256 total)

sbox = UInt8[
    142,  32, 195, 161,  74, 223,  27, 114, 106,  61,   8, 208, 222, 166, 248, 243,
    164,   3,   4,  45, 216, 157, 225,  87, 215, 217, 234,  19, 154, 249, 228,  44,
    149,  49, 145, 220, 193,  93, 244, 240,  85,  82, 180, 137, 186,  52, 100,  71,
    140,  69, 247, 235,  76,  43, 245,  21,  57, 212,   2,  84, 191, 201, 124,  15,
    131,  12, 197, 146, 207,  53,  36, 109,  34,  67, 126, 152, 214, 125, 135,  80,
     18, 205,  68,  24,  90,  73, 187, 150, 156, 122, 219,  39,  95, 199, 252,  22,
     23, 238,  91, 132,  55,  89,   7, 121,  33,  78, 143, 111, 210, 102, 159, 182,
    107, 116,  86, 192, 160, 105,  13, 115, 138, 230, 224, 211, 162,  51, 185, 189,
    196, 177,  14, 250, 175, 227,  42,  59, 209, 246,  83,   6, 213, 226,  63,  70,
    179, 176, 103,  92, 120, 200,  96, 253, 108, 206,  94,  35,  56,  26, 237, 112,
    158, 239, 172,  16,  31,  98,  81,  20,  66, 110, 155, 221,  60, 118,   0,  48,
     37, 113, 130, 174,  41, 184,  75,  28,  47, 163, 242, 119, 188, 136, 117,  17,
    129, 139, 141, 241, 233, 148, 168, 167,  30, 173, 198,  25,  29, 202, 165,  11,
      1,  40, 133,  79,  72, 170, 128, 134,  46,  64, 127, 251, 153, 232, 104, 218,
     10, 229, 178, 190,   9, 183,  88, 236, 169,  65, 101,  38, 171, 231, 255,  99,
    254,  77, 147, 203, 151,  97,  58, 181,   5, 144, 194, 123, 204,  62,  54,  50
]

# Comma-separated format:
142, 32, 195, 161, 74, 223, 27, 114, 106, 61, 8, 208, 222, 166, 248, 243, 164, 3, 4, 45, 216, 157, 225, 87, 215, 217, 234, 19, 154, 249, 228, 44, 149, 49, 145, 220, 193, 93, 244, 240, 85, 82, 180, 137, 186, 52, 100, 71, 140, 69, 247, 235, 76, 43, 245, 21, 57, 212, 2, 84, 191, 201, 124, 15, 131, 12, 197, 146, 207, 53, 36, 109, 34, 67, 126, 152, 214, 125, 135, 80, 18, 205, 68, 24, 90, 73, 187, 150, 156, 122, 219, 39, 95, 199, 252, 22, 23, 238, 91, 132, 55, 89, 7, 121, 33, 78, 143, 111, 210, 102, 159, 182, 107, 116, 86, 192, 160, 105, 13, 115, 138, 230, 224, 211, 162, 51, 185, 189, 196, 177, 14, 250, 175, 227, 42, 59, 209, 246, 83, 6, 213, 226, 63, 70, 179, 176, 103, 92, 120, 200, 96, 253, 108, 206, 94, 35, 56, 26, 237, 112, 158, 239, 172, 16, 31, 98, 81, 20, 66, 110, 155, 221, 60, 118, 0, 48, 37, 113, 130, 174, 41, 184, 75, 28, 47, 163, 242, 119, 188, 136, 117, 17, 129, 139, 141, 241, 233, 148, 168, 167, 30, 173, 198, 25, 29, 202, 165, 11, 1, 40, 133, 79, 72, 170, 128, 134, 46, 64, 127, 251, 153, 232, 104, 218, 10, 229, 178, 190, 9, 183, 88, 236, 169, 65, 101, 38, 171, 231, 255, 99, 254, 77, 147, 203, 151, 97, 58, 181, 5, 144, 194, 123, 204, 62, 54, 50
