# V4 Final S-box - PERTURBATION KAPALI
# Generated on: 2026-01-20T21:58:52.428

sbox = UInt8[
    142, 107, 195, 186, 214,  98,   3,  78, 183, 162, 225,  18, 222, 132, 248, 213,
    167,  19,  84,  45, 114, 165, 244,  87,  83, 145, 163,  27, 154, 119,  11,  43,
    149,  71, 116, 223, 158,  93,   6, 241,   4,  82, 182, 137, 220, 151, 100, 228,
    140,  69, 247, 135,  76,  41, 161,   5,  22,  77,  90,  85, 207, 201,  15, 164,
    131,  30,   0, 146,  44,  53,  65,  92,  34,  38,  32, 148,   1, 109, 227,  80,
    156, 205,  51,  64, 171,  73, 187, 108, 177, 212, 219, 231,  95, 120, 252, 121,
     23,  37,  91, 189,  97,  89,   7, 123, 125,  94, 143, 111, 210, 235, 196, 178,
    102,  86,  10, 152, 160, 105, 159, 232, 138, 230, 224, 211, 110,  72, 185, 157,
     25, 127,  14, 208, 175, 250,  42,  59, 192, 246, 203, 209,  79, 226,  63,  70,
    179, 176,  39,  24,  96, 200, 106, 253, 193, 206, 126,  99,  56, 191,  36, 112,
    150, 239, 172,  16,  31,  49,  74,  68,  66, 122, 155, 221, 245, 118,   2, 134,
    124, 113, 130, 238, 174, 184,  75,  28,  47,  48,  26, 169, 216,   8,  55,  17,
    147, 188, 240,  20, 233, 133, 168, 103,  12, 139, 255, 136,  29, 202, 166, 141,
     57,  40, 197,  54,  21, 170,   9, 198,  46,  67,  13, 251, 153, 115, 104, 218,
    180, 229, 242, 190,  35, 249,  88, 236, 243, 237,  61,  52,  33,  81, 101,  58,
    254,  60, 199, 215, 173, 129, 128, 181, 117, 144, 194, 234, 204,  62, 217,  50
]
