# Final optimized S-box - COMPOSITE FITNESS WITH EARLY STOPPING
# Generated on: 2026-01-28T18:51:05.594
# Format: 16 values per line (256 total)

sbox = UInt8[
    142, 186,  23, 243, 214,  98, 223,  28, 246, 125, 194, 208, 222, 228, 248, 225,
    133,   3, 106,  45, 216, 168, 244,   6,  29, 217, 163,  19, 154, 249, 143, 127,
    149, 215, 145,  71, 192,  93, 116, 147,  80,  82, 180, 206, 162, 218, 100, 193,
    140,  83, 247, 191, 131,  43, 181,  21, 151,  77,   4,  84,  31, 201, 240, 166,
    190,  95,   0, 146, 229,  53,  65, 210,  34,  92, 195, 148,  24,  18, 135,  69,
     49, 205, 105,  64, 178,  73, 187, 150, 220, 212, 219, 231,  11,  86, 252, 122,
     96,  37,  91, 189,  55,  89,   7, 121, 255,  94, 179, 111,  27, 235, 159, 128,
     39, 239,  22, 253, 160, 109,  13,  41, 138, 230, 224, 211, 103, 164, 152, 157,
    196,  56,  14,  70, 175, 234,  42,  59, 209,  51, 203,  16,  79, 226,  63, 167,
     10, 132,  60,  62, 120, 200,  90, 185, 156,  48, 126,  78,  44,  38,  36, 112,
      8, 245, 172,  85,  87, 238,  74,  20,  66, 250, 171, 221, 108, 118,   2, 134,
    124, 113, 130, 110,  61, 184,  75,  99,  47, 137,  26, 117, 169, 136, 119, 182,
     15, 188, 199, 241, 233,  68, 236,  33,  30, 139,  72,  25, 114, 155, 183, 141,
      1,  40, 207, 161,  32, 170,  17, 198,  46, 176,   5, 251, 153, 115, 104, 107,
     12, 197, 242,  76, 129,  35,  88, 174, 202, 237,  67,  52,  57,  81, 101,   9,
    254, 102, 227, 177, 173,  97,  58, 213, 165, 144, 158, 123, 204, 232,  54,  50
]

# Comma-separated format:
142, 186, 23, 243, 214, 98, 223, 28, 246, 125, 194, 208, 222, 228, 248, 225, 133, 3, 106, 45, 216, 168, 244, 6, 29, 217, 163, 19, 154, 249, 143, 127, 149, 215, 145, 71, 192, 93, 116, 147, 80, 82, 180, 206, 162, 218, 100, 193, 140, 83, 247, 191, 131, 43, 181, 21, 151, 77, 4, 84, 31, 201, 240, 166, 190, 95, 0, 146, 229, 53, 65, 210, 34, 92, 195, 148, 24, 18, 135, 69, 49, 205, 105, 64, 178, 73, 187, 150, 220, 212, 219, 231, 11, 86, 252, 122, 96, 37, 91, 189, 55, 89, 7, 121, 255, 94, 179, 111, 27, 235, 159, 128, 39, 239, 22, 253, 160, 109, 13, 41, 138, 230, 224, 211, 103, 164, 152, 157, 196, 56, 14, 70, 175, 234, 42, 59, 209, 51, 203, 16, 79, 226, 63, 167, 10, 132, 60, 62, 120, 200, 90, 185, 156, 48, 126, 78, 44, 38, 36, 112, 8, 245, 172, 85, 87, 238, 74, 20, 66, 250, 171, 221, 108, 118, 2, 134, 124, 113, 130, 110, 61, 184, 75, 99, 47, 137, 26, 117, 169, 136, 119, 182, 15, 188, 199, 241, 233, 68, 236, 33, 30, 139, 72, 25, 114, 155, 183, 141, 1, 40, 207, 161, 32, 170, 17, 198, 46, 176, 5, 251, 153, 115, 104, 107, 12, 197, 242, 76, 129, 35, 88, 174, 202, 237, 67, 52, 57, 81, 101, 9, 254, 102, 227, 177, 173, 97, 58, 213, 165, 144, 158, 123, 204, 232, 54, 50
