# V4 Final S-box - PERTURBATION KAPALI
# Generated on: 2026-01-20T09:20:47.633

sbox = UInt8[
    114,  54, 158, 103,  23, 165, 171, 219, 130, 168, 253,  30, 136, 221,  50,  31,
     62,  22, 246, 150,  71,   2, 117, 236,  78, 149, 190,  93, 240, 155, 153, 232,
    162, 108, 124,  14, 143, 173, 250, 144, 193, 127,  28, 220,  13, 189, 126, 125,
    210, 223,  38, 154, 201, 101, 207, 142,  25, 134, 175, 230, 233,  74, 107, 208,
    199, 184, 116, 109,  35,  87, 145, 215,  79,  94, 202,  52, 111,  61,  37, 160,
     45,  41, 122,   9, 100, 163, 245,  66, 186, 235, 119, 216, 120,   3,  21,  91,
    204, 231,  89,  98, 195,  65,  10, 113, 181, 169,  36, 132, 238, 140,  40, 226,
     19, 217, 218, 106, 164, 156,   1,  58,  51, 254, 174,  90, 115,  43, 139,  48,
     88,  76,  56, 121, 188,  44,  39, 128, 102,   6, 237,  57,  97, 255, 110, 194,
    209,  46,   5, 227, 159,  80, 177,  77, 198, 129, 200, 178, 135, 180,  70, 203,
    112, 239,  34,  86, 211, 225, 185, 187, 213, 141,  53, 249, 182,  11, 206, 192,
     17,  16, 252,  26, 170,  20, 161,  15,  64,  75, 241,   4, 166,  47, 123, 248,
     95,  67,  83,  99,  73,  92, 243, 105, 104, 242,  72, 167,  82, 157, 133,   0,
    179,  84,   7, 176, 229,  33,  32,  59,  27,  63, 191,  96, 197,  24, 222,  18,
    214, 205, 183,  55, 148,  29, 137, 196,  85, 118,  49,  12, 131, 146, 228,  42,
    138, 152, 251, 224, 147, 212,  60, 172,  68, 244,   8,  69, 151, 234, 247,  81
]
