# V4 Final S-box - PERTURBATION KAPALI
# Generated on: 2026-01-21T09:38:58.380

sbox = UInt8[
    114, 168, 177, 116, 155, 228, 189, 170, 130,  71, 245, 149,  26, 221, 113, 232,
     62, 251, 246, 150, 134,   2, 247, 248, 198, 157, 112, 136, 137, 192, 206,  73,
    219, 108, 124,  14, 143, 173, 250, 144, 193, 127,  88, 122,  13, 174, 126,  61,
    210, 223,  38, 154, 201, 101, 207, 142,  25, 125, 175,  87, 233,  74, 107, 208,
    164, 184, 220, 255,   9,  83, 145, 215,  52,  94, 111, 236,  30, 109, 103, 160,
     45,  41,  58, 224, 197, 163, 169,  66, 186, 235, 158, 216, 120, 212,  21, 119,
    204, 231,  89, 104, 128,  57, 172, 234, 181, 161,  36, 132,  98, 140,  10, 202,
     19, 217, 218, 106,  81, 195, 117,  55,  51, 226,   7,  50, 115,  43, 171,  48,
     92,  76,  56, 121, 188,  44,  77, 156, 100,   6, 165, 138,  97, 190, 110, 194,
    225,  46,   5, 227, 159,  80,  67,  17,  47, 129, 200, 178, 135,   3,   4, 203,
    205, 239,  34,  86, 211, 240, 185, 187, 213, 141, 180, 249, 182,  31, 131,  16,
    237, 244, 252,  93, 238,  20,   1,  15,  64,  75, 241, 133,  37,  27, 123,  24,
     95, 118,  82,  99,  53,  91, 243, 105, 166, 242,  72, 199, 148, 153,  35,  54,
    179,  84, 139, 176, 229,  33,  32,  59,  18,  63, 191,  65,  70,  96, 222,  90,
    214,  78, 183,  22, 230,  29, 209, 196,  85,  60,  49,  12,   8, 146, 254,  42,
    167, 152,  79, 102, 147,   0,  39,  40,  68,  23,  28,  69, 151, 162, 253,  11
]
