# Final optimized S-box - COMPOSITE FITNESS WITH EARLY STOPPING
# Generated on: 2026-01-29T07:53:55.832
# Format: 16 values per line (256 total)

sbox = UInt8[
     64, 157, 161, 114,  31, 139,  96, 128, 134, 164,  26,  34,  35, 213, 184,   7,
    193, 252,   0, 154, 101, 198, 202,  93,  72,  20, 147, 224, 144, 216, 109, 110,
    243, 108, 249, 159,  12, 177, 253,  52, 146, 246, 211, 234, 225, 233,  83,  89,
    178,   9,  32, 207, 191,   6, 187, 151,  75, 103,  51, 189, 106,  57, 226, 104,
     23, 162,   4,  59,  19,  16, 116,  66,  50,  90, 169, 254,  69,  45,  62, 143,
     44, 204,  55, 235, 227, 115, 196,  98, 183,  21,  65,  92, 167,  67,  99, 214,
    158, 149, 179,  24, 245, 126, 107, 119,   1, 248,  29,  56, 172, 140, 111,  95,
    180, 210,  41, 228, 247, 230, 240, 132,  73, 218, 141, 236, 192, 237, 142, 229,
     25, 220, 182, 250,  38, 255, 206,  36, 150, 135, 170, 171, 242, 217, 112, 137,
    100,   2, 129,  78,  54,  68, 156,  81, 209, 205, 127, 185, 153,  33,  42,  14,
     60, 238, 168, 145,  39,  58, 251,  91, 201, 208, 121, 160, 212,  74,  53,  88,
     84, 165, 123,  86, 175, 124, 231,  77, 176, 155, 241,  22, 166, 131, 239, 194,
      8, 195, 219, 244, 190,  49, 232, 173, 105, 203,  94,  48, 221, 197,  40,  43,
     61, 181,  85, 125,  15,   5,  46, 138,  30,  87, 215,  18, 130, 133, 200,  47,
     28,  97, 152,  13,  79, 113, 118, 199, 136,  76,  11, 174,  17,  71, 117,  10,
    163, 223, 188,   3,  37,  27,  70,  82, 122,  80, 102, 148,  63, 186, 222, 120
]

# Comma-separated format:
64, 157, 161, 114, 31, 139, 96, 128, 134, 164, 26, 34, 35, 213, 184, 7, 193, 252, 0, 154, 101, 198, 202, 93, 72, 20, 147, 224, 144, 216, 109, 110, 243, 108, 249, 159, 12, 177, 253, 52, 146, 246, 211, 234, 225, 233, 83, 89, 178, 9, 32, 207, 191, 6, 187, 151, 75, 103, 51, 189, 106, 57, 226, 104, 23, 162, 4, 59, 19, 16, 116, 66, 50, 90, 169, 254, 69, 45, 62, 143, 44, 204, 55, 235, 227, 115, 196, 98, 183, 21, 65, 92, 167, 67, 99, 214, 158, 149, 179, 24, 245, 126, 107, 119, 1, 248, 29, 56, 172, 140, 111, 95, 180, 210, 41, 228, 247, 230, 240, 132, 73, 218, 141, 236, 192, 237, 142, 229, 25, 220, 182, 250, 38, 255, 206, 36, 150, 135, 170, 171, 242, 217, 112, 137, 100, 2, 129, 78, 54, 68, 156, 81, 209, 205, 127, 185, 153, 33, 42, 14, 60, 238, 168, 145, 39, 58, 251, 91, 201, 208, 121, 160, 212, 74, 53, 88, 84, 165, 123, 86, 175, 124, 231, 77, 176, 155, 241, 22, 166, 131, 239, 194, 8, 195, 219, 244, 190, 49, 232, 173, 105, 203, 94, 48, 221, 197, 40, 43, 61, 181, 85, 125, 15, 5, 46, 138, 30, 87, 215, 18, 130, 133, 200, 47, 28, 97, 152, 13, 79, 113, 118, 199, 136, 76, 11, 174, 17, 71, 117, 10, 163, 223, 188, 3, 37, 27, 70, 82, 122, 80, 102, 148, 63, 186, 222, 120
