# V4 Final S-box - PERTURBATION KAPALI
# Generated on: 2026-01-19T22:54:07.820

sbox = UInt8[
    134, 107, 195, 147, 214,  98,  27,  78, 183, 109,   8, 208, 119, 132, 248, 225,
    166,   3,  64, 168, 245, 174, 244, 154,  83, 142, 163,  19, 215, 249,  11,  44,
    149,  49, 213,  71, 192,  37, 255, 240,  85,  82, 116, 182, 186, 167, 100, 156,
    133,  45, 114,  96,   7,  43,  69, 135, 151,  77,  90,  84, 239, 201, 150, 164,
    131,  10,   0,   4, 207,  53,  76, 223,  34,  74,   2, 148,  24, 125, 161,  80,
    178, 205, 121, 146, 177, 194, 191,  15, 216, 209, 219, 227,  95, 199, 252, 122,
     23,  18,  91, 189,  55,  89,  65, 112,  33, 222,  59, 111, 210, 235, 159, 221,
    102, 108,  86,  73, 160, 105,  13, 232, 144, 138, 212, 211, 110,  68, 185, 157,
    196, 127,  14, 162, 175, 234,  42, 143, 224, 246, 217,  94,  51, 226,  63,  70,
    179, 176,  39,  92, 120,  29, 180, 253, 229, 206, 126,  99,  56,  22,  36,  87,
    158, 187, 172,  16,  31, 193,  66,  20,  67, 250, 155, 140, 220, 118,  61, 139,
    124, 113, 130, 238,  41, 184,  75,  28,  47,  48,  26, 115, 169, 136, 117,  17,
    103, 188, 242, 241, 233,  79, 200, 231,  30, 203,  72,  25,  21, 202, 165, 141,
      1,  40, 197,  58,  35, 101, 128, 198,  46,  38,   5, 251, 153, 247, 104, 218,
     12, 170, 228, 190, 129,  32,  88, 236, 171, 237, 106,  52,  57,  81,  93,   9,
    254,  60, 243,   6, 173,  97, 145, 181, 137, 230, 152, 123, 204,  62,  54,  50
]
