# Initial S-box before optimization
# Generated on: 2025-08-05T13:51:37.996
# Format: 16 values per line (256 total)

sbox = UInt8[
    115, 234, 219, 191, 231,  38,  45, 240, 161, 227, 116,  88,  93, 152, 210, 199,
      9, 250,  51,  35,  62, 185, 137,  36,  83, 187, 209,  21,  57, 184,  44, 114,
    110, 122,  87,   0,  98, 181,  23,  69, 216, 155,  15, 251, 147, 151, 241,  17,
    131,  91, 239, 197,  37,  81, 189, 143, 253,  66,  18, 211,  92, 139,  80, 146,
    168, 226,  70,  50,  40, 252,  67,  46, 201,   6, 217, 176, 157, 103,  11, 238,
     90, 186,   8,   1,  96,  71, 222,  28, 113,  27, 123, 248,  30,  94, 174, 233,
      4, 188, 220, 205,  47, 163,  12, 243,  33,  99, 208, 133,  13,  39, 124, 246,
     72, 108, 162, 100, 254,  31,  65, 244, 170, 145, 159,  60, 228,  25, 196, 175,
    109, 134, 195,  64, 142, 203,  53,  24,  10, 194, 242,  75, 214,  54, 255, 105,
     34, 153, 247, 229, 141, 102, 112, 150,  82, 106,  86,  89, 138, 135, 127,  20,
    128,  14,   5,  74,  55,  59,  19,  43, 121, 126, 207, 206,  16,  73,  77, 140,
     78, 236, 164, 193,  95, 144, 171, 192, 129, 132,  32, 165, 111,  97, 221, 125,
    172,  58, 237, 232, 178, 180, 107, 149,  85, 120,  63, 118,   2, 166,  41,  56,
    225,  84, 119,  49, 204, 249, 182,  42,   3,  29, 154, 224, 130, 158, 190, 136,
    160, 173, 156, 104, 213, 177, 245, 179, 218, 212,  26,  79,   7,  52, 117, 198,
     76, 148, 215, 167, 202, 183,  61,  68, 169, 200, 101,  48, 230, 223, 235,  22
]

# Comma-separated format:
115, 234, 219, 191, 231, 38, 45, 240, 161, 227, 116, 88, 93, 152, 210, 199, 9, 250, 51, 35, 62, 185, 137, 36, 83, 187, 209, 21, 57, 184, 44, 114, 110, 122, 87, 0, 98, 181, 23, 69, 216, 155, 15, 251, 147, 151, 241, 17, 131, 91, 239, 197, 37, 81, 189, 143, 253, 66, 18, 211, 92, 139, 80, 146, 168, 226, 70, 50, 40, 252, 67, 46, 201, 6, 217, 176, 157, 103, 11, 238, 90, 186, 8, 1, 96, 71, 222, 28, 113, 27, 123, 248, 30, 94, 174, 233, 4, 188, 220, 205, 47, 163, 12, 243, 33, 99, 208, 133, 13, 39, 124, 246, 72, 108, 162, 100, 254, 31, 65, 244, 170, 145, 159, 60, 228, 25, 196, 175, 109, 134, 195, 64, 142, 203, 53, 24, 10, 194, 242, 75, 214, 54, 255, 105, 34, 153, 247, 229, 141, 102, 112, 150, 82, 106, 86, 89, 138, 135, 127, 20, 128, 14, 5, 74, 55, 59, 19, 43, 121, 126, 207, 206, 16, 73, 77, 140, 78, 236, 164, 193, 95, 144, 171, 192, 129, 132, 32, 165, 111, 97, 221, 125, 172, 58, 237, 232, 178, 180, 107, 149, 85, 120, 63, 118, 2, 166, 41, 56, 225, 84, 119, 49, 204, 249, 182, 42, 3, 29, 154, 224, 130, 158, 190, 136, 160, 173, 156, 104, 213, 177, 245, 179, 218, 212, 26, 79, 7, 52, 117, 198, 76, 148, 215, 167, 202, 183, 61, 68, 169, 200, 101, 48, 230, 223, 235, 22
