# V4 Final S-box - PERTURBATION KAPALI
# Generated on: 2026-01-20T09:40:21.119

sbox = UInt8[
    237, 157, 161,  66,  26, 163, 230, 134, 216, 132,   0, 224,  47,  37, 184,  70,
     65, 152,   8,  74,  97, 198, 202,  27,  88, 229, 147,  30, 104, 192, 109, 113,
    183, 108, 136, 159,  12,  64, 253,  52, 226, 246,  34, 250, 213, 251,  83, 177,
    167,  59, 236,  22, 186,  86, 145, 151, 228,  84,  51,  50, 106,  57, 232, 171,
     91, 162,   4,  99,  19,  18, 116,  82,  80,  90, 175, 126,  69,  43,  62, 143,
     44, 204,  31, 129, 144, 115, 244,  98, 135, 170, 219,  92,  35,  67, 178, 249,
     38, 149, 179,  96, 211, 107,  63, 231,   1, 233,  29, 201,  85, 140, 111,  95,
    180, 194, 200, 131, 154, 114, 240, 164, 225, 242, 141, 124,  68,  13, 174,   9,
     25, 220,  10, 235, 207, 255, 206, 172, 252, 191, 254, 169, 122, 217, 112, 185,
    100,  16, 248,  78,  54,  76, 156,  55, 209, 153, 127, 227,  89,  33,  42,  14,
     60, 238, 168,   5,  39,  58, 146,  73, 205, 208, 121,  20, 212, 218,  53,  72,
    196, 245, 123, 214, 222, 187, 247, 137, 176, 155, 241, 166, 193,   3, 105, 182,
    139, 195,  79, 210, 190, 103,  56, 173, 234, 203,  77,  48, 221, 197,  40,  75,
     24, 181,  93, 125,  15,  36,  46, 138,  23, 119, 215,   2, 243, 165, 110,  87,
     28,  32, 150,  21, 239, 101, 118, 199, 160, 128,  94, 142,  17,   7, 117,  41,
      6, 223, 188,  81,  49,  11,  71,  45,  61, 189, 102, 148, 133, 130, 158, 120
]
