# V4 Final S-box - PERTURBATION KAPALI
# Generated on: 2026-01-21T18:11:10.071

sbox = UInt8[
    191, 157, 161,  80,  31,  90, 230, 128, 199, 132,   8,   1,  99,  37, 150,  94,
    154, 152,   0,  74, 101, 198, 216,  93,  66,   6, 147, 196, 177,  13, 109,  96,
    122, 108, 249, 159,  12,  64, 115,  52, 146, 246, 211,  15, 184, 233,  83, 227,
    167,  63,  53, 206, 254,  22,  34, 151, 228,  87,  51, 176, 106,  75, 226, 144,
     76, 162, 244,  59,  19,  16, 116,  82,  86, 112, 169, 160,  69,  60,  62, 143,
     44, 204,  91, 231, 217, 221,  20,  98,  92, 243,  65,  28, 193,  67,  43, 175,
     38, 149, 179, 125, 133,  95, 178,  79, 219, 248,  29,  56, 172, 140, 111,  72,
     27, 210, 200, 166, 104, 114, 240, 189, 225, 242, 141, 236,  68, 237, 174,  57,
      9, 220,  10, 250, 158, 255, 207, 202, 252, 183, 170, 107, 182, 120,   3, 185,
    100,   2, 235,  55, 194,  48, 156, 139, 209, 205, 127,  89, 153,  33,  42,  14,
     61, 238, 168, 145,  39,  58, 251,  54, 201, 208, 121,   4, 212, 218,  17,  88,
     84, 245, 123,  18, 214, 187, 247,  25, 164, 155, 241, 213,  73, 131, 105,  35,
    129, 195,  71, 224, 190, 103, 232, 173,  26,   5, 130, 137,  77, 197,  40, 171,
     47, 181,  85, 253, 229,  36,  46, 138,  30, 119, 215,  50,   7, 165, 110,  23,
    135,  97, 234,  21, 239, 113, 118,  78, 136, 192, 180, 142,  32, 134, 117,  41,
    163, 223, 188,  81,  49,  11,  70,  24,  45, 126, 102, 148, 203, 186, 222, 124
]
