# V4 Final S-box - PERTURBATION KAPALI
# Generated on: 2026-01-20T20:41:40.704

sbox = UInt8[
    142, 107, 195, 243, 214,  98,  27,  78, 213,  88, 122, 208, 160, 132,  26, 225,
    126, 117,   4,  45, 100, 174,   6, 161,  94,   8, 163, 251, 248, 230,  11,  44,
    167,  49, 145,  71, 192,  93, 116, 194,  84,  82, 249, 137, 220, 179,  99, 156,
    144,  69, 247,  96,  76,  43, 232,  21, 151,  77, 130, 127, 199, 201,  15, 181,
    131,  10,   0, 146, 109,  53,  65, 164, 149,  38, 119,  30, 221, 154,   5,  80,
      3, 205, 255,  51, 186,  73, 187, 124,  34, 212, 231, 135,  95,  17, 252,  72,
     23,  37,  91, 189,  83,  89,   7, 153, 239,  20, 143, 111, 210, 235, 159, 207,
    102,  41,  86, 152, 182, 105,  13, 229,   2, 108, 114, 211, 110,  64, 185, 219,
    196, 115,  14, 162, 175, 234,  42,  59, 209, 227, 203, 244,  79, 226,  63,  70,
    178, 176,  39,  92, 120, 200, 106, 253, 193, 206, 183,  22,  56, 190, 150, 177,
    158,  19, 172, 217,  31, 223,  57,  85,  66, 250, 155, 188, 245, 118, 125, 134,
     33, 113,  18, 238, 191, 121,  75, 246,  47, 224,  62, 169, 216, 136, 112,  46,
    147,  24, 228, 241, 233,  60, 168, 103, 157, 139, 148,  25,  29, 202, 165, 141,
      1,  40, 197,  90,  35, 170, 240, 198, 204,  67, 222,  36, 184,  87, 180, 218,
     12, 101, 242,  48, 129,  32,  74, 236, 171, 237,  61, 104,  16,  81,  55,   9,
    254, 166,  28, 215, 173,  97,  58,  52, 133, 128, 140, 123,  68, 138,  54,  50
]
