# V4 Final S-box - PERTURBATION KAPALI
# Generated on: 2026-01-21T22:49:46.063

sbox = UInt8[
     14,  45, 228, 106, 248,  50, 191, 217,  82, 101,  18,  83, 138, 249,  68,  52,
    152, 245,   7,  87, 104,  90, 150,  11,   2, 200, 213, 133,  29, 193, 207,  97,
    216,  70, 184, 204, 222, 120, 250, 241, 160, 185, 161, 181,  99, 210, 187, 114,
    254,  28,  44, 153, 147, 165, 255, 209,   1, 230,  81,  88,   8, 231, 102,  71,
    173, 127, 162,  17, 140,  39,  57, 239, 178,  66, 110, 182,   9,  67,  42, 128,
     74, 202, 229, 192, 113,  60, 100,  21, 186, 145, 108,  98, 149, 130, 137, 119,
    233, 198,  16, 242, 143, 117, 214, 240,  85,  72,   5,  92, 247, 221, 168, 159,
      4, 164, 148,  13,  80, 169,  53,  19, 158,  41, 205,  93, 246, 183, 142, 129,
    122, 107, 252,  58,  65, 170,  27, 180,  94, 121,  54,  51,   0,  63, 115, 194,
    208, 201,  34,  78,  37,  56,  20, 157, 103, 226,  59, 135,  64, 190,  15, 199,
    212,  35,  69, 166, 215, 124, 134, 251, 236, 179, 167,  46, 171, 196,  23,  49,
    126, 227, 105, 131,  96,  62,  79, 141, 112,  89,  10,  48,  91, 175, 172, 237,
    189,  95, 156, 220, 235,  84, 203, 234,  32, 206,  47, 188, 243, 174, 219,   3,
     86, 154, 197, 151,  40, 176,  43,  22, 155, 244, 163, 118, 238,  31,  36, 136,
    232, 211,  26,  73,  61, 125, 139,  75,  76, 144,  25,  33, 224, 218, 225, 109,
    146, 123,  30,  24, 116,   6, 177,  55, 223, 111, 195,  77,  38,  12, 253, 132
]
