# V4 Final S-box - PERTURBATION KAPALI
# Generated on: 2026-01-20T21:39:01.942

sbox = UInt8[
    166, 106, 195, 153, 214,  98, 159,  77, 114, 213,   8, 208, 222, 132, 248, 177,
    164,   3, 182, 109, 112, 174,  54,  87,  64, 217, 162,  19, 154, 249,  14,  44,
    149, 198, 145,  71, 192,  24, 116, 240,  85,  82, 180, 108,  94, 243, 100, 245,
    140,  69, 247,  96, 110,  43, 161,  21, 151, 126, 125,  84, 200, 201, 167, 142,
    131,  10,   0, 146,  41,  53,  65,  49,  34,  38,  35, 148,  92,  60, 194,  80,
    178,  76, 255, 118, 186,  73, 187, 150, 229, 212, 219, 231,  95, 199, 252, 122,
     23, 119,  91, 189, 123,  89,  11, 121,  33, 221, 143, 205, 210, 190,   7,   4,
    102,  13,  86, 152, 160, 105,  55, 232, 138, 230, 224, 211, 127,  51, 172, 157,
    196,  37,  27, 242, 175, 234,  42,  59, 209, 246, 203,  15,  79, 226,  63,   6,
    179, 176,  39,  93, 117, 204,   2, 253, 193, 206, 124,  25, 144,  22,  36, 120,
    158,  78, 185, 156,  28, 223,  74,  20,  66, 250, 155, 220,  16,  52, 235, 135,
    107, 216, 130, 238, 191, 184,  75,  88,  47,  48, 134, 169,  81, 136,  83,  17,
    147, 188, 228, 241, 233,  68, 168, 103,  30, 139,  18,  58,  29, 202, 165, 141,
     56,  40, 197,  72, 137, 170, 128,  90,  46,  67,   5, 251,  99, 115, 104, 218,
     12,  61, 163, 111, 129,  32,  31, 236, 171, 237, 225, 183, 239, 113, 101,   9,
    254,  45, 227, 215, 173,  97,  70, 181, 133,  26,   1,  57, 207,  62, 244,  50
]
