# Global Best S-box after 1 moves
# Step: 416, Particle: 146
# Generated on: 2026-01-29T13:56:20.574

debug_sbox = UInt8[
    105, 130, 214, 129,  26, 235,  21,  91, 170, 248, 151,  44,  84, 211, 207, 255,
    127,  55,  40,  14, 125, 216,  53, 137, 232, 112, 219,  59, 231, 221, 252, 158,
    120,   0, 126,  93,  41, 178,   4, 183, 156, 171,  67,  47,  51, 239,  52,  86,
    192,  60, 224, 175, 167,  79,  29,  63, 143, 173,  45,  27,  54, 188, 247, 186,
     92, 113,  99, 184, 200, 179,  24,  31, 149, 243, 136,  78,  22, 223, 212,  34,
    108,  16, 210,  96, 254,  32,   3,  69, 177, 124, 145, 230,  85, 201,  28,  98,
    128, 228, 234, 237,  12, 115,  87,  90, 215,  88,   9,  13, 250, 172,  94, 205,
     35, 202,  82,  57, 220, 142,  74,   7, 117, 100, 251, 155,  89,  81, 132, 163,
    114, 133, 196,  38, 118, 241, 197,  61,  39,  71,  77, 208,  83,  17,  18, 226,
    162, 217,  58,   1, 109, 168, 169,  97,  70, 148, 107, 153, 135, 176, 204, 111,
     46,   8, 222, 144, 138, 236, 116,  11, 191, 182, 180, 110, 253, 102,  56,  64,
    131, 206, 159, 195,   5, 233, 229, 147,  68, 249, 209, 225, 166, 203, 150,  36,
     10, 164,  19,  15,  73, 119, 152, 101, 174, 198, 139,  30, 246,  23, 123, 103,
    218, 161, 190, 121, 140, 242, 146, 185,  66, 104,  50,  43, 227, 240,  65, 245,
     80,   6, 165,  48, 134,  20,  75, 194, 187, 122, 160, 244,  49,  95, 157,  25,
     76,  72, 238, 154,  37, 181, 199,   2, 213,  62, 106,  33,  42, 141, 193, 189
]

# Single line format:
[105, 130, 214, 129, 26, 235, 21, 91, 170, 248, 151, 44, 84, 211, 207, 255, 127, 55, 40, 14, 125, 216, 53, 137, 232, 112, 219, 59, 231, 221, 252, 158, 120, 0, 126, 93, 41, 178, 4, 183, 156, 171, 67, 47, 51, 239, 52, 86, 192, 60, 224, 175, 167, 79, 29, 63, 143, 173, 45, 27, 54, 188, 247, 186, 92, 113, 99, 184, 200, 179, 24, 31, 149, 243, 136, 78, 22, 223, 212, 34, 108, 16, 210, 96, 254, 32, 3, 69, 177, 124, 145, 230, 85, 201, 28, 98, 128, 228, 234, 237, 12, 115, 87, 90, 215, 88, 9, 13, 250, 172, 94, 205, 35, 202, 82, 57, 220, 142, 74, 7, 117, 100, 251, 155, 89, 81, 132, 163, 114, 133, 196, 38, 118, 241, 197, 61, 39, 71, 77, 208, 83, 17, 18, 226, 162, 217, 58, 1, 109, 168, 169, 97, 70, 148, 107, 153, 135, 176, 204, 111, 46, 8, 222, 144, 138, 236, 116, 11, 191, 182, 180, 110, 253, 102, 56, 64, 131, 206, 159, 195, 5, 233, 229, 147, 68, 249, 209, 225, 166, 203, 150, 36, 10, 164, 19, 15, 73, 119, 152, 101, 174, 198, 139, 30, 246, 23, 123, 103, 218, 161, 190, 121, 140, 242, 146, 185, 66, 104, 50, 43, 227, 240, 65, 245, 80, 6, 165, 48, 134, 20, 75, 194, 187, 122, 160, 244, 49, 95, 157, 25, 76, 72, 238, 154, 37, 181, 199, 2, 213, 62, 106, 33, 42, 141, 193, 189]
