# V4 Final S-box - PERTURBATION KAPALI
# Generated on: 2026-01-21T22:29:08.123

sbox = UInt8[
     14,  45, 236, 106, 215, 166,  62, 247,  88, 101, 120,  83, 146, 249,  68,  52,
     93, 245,   7,  87, 104,  86, 150,  11, 156, 200, 196,  27,  29, 193, 207,  97,
    216, 194, 184, 206, 222,  18, 248, 241, 160, 108, 161, 181,  99,  58, 187, 210,
    254,  28,  44, 228, 145, 164, 231, 213,   1, 230,  81,  90,  91, 224, 109,  67,
    173, 175, 162,  17,  20,  39,   8, 239, 178,  66, 110,  50,  69,  43,  42,  64,
     74, 214, 229, 192,  63,  47, 100,  21, 186, 128, 124,  98, 209, 235, 137, 198,
    233, 126,  33, 242, 143, 117, 119, 240, 127,  72, 132,  92, 190, 221, 168, 159,
      4, 180, 148,  13,  80, 169,  53, 179, 158,  41, 205, 204, 246,  56, 142, 129,
     57, 227, 252, 255,  65,  10, 197, 172,  94, 225,  54,  51, 136, 102, 115,   0,
    208,  30,  34,  78,  37,   5,  70, 157, 138, 114, 107, 135,   9, 125,  15, 199,
    212,  35, 140, 182,  82, 103, 134,  22, 250, 147, 167,   2, 171,  76,  23,  49,
    152, 185, 105, 131,  96,  61, 122, 141, 112, 226,  55,  16,  59, 202,  46, 237,
    189, 253,  71, 153, 234,  84, 203,  79,  32,  89, 165, 188, 243, 174,  75,   3,
    113, 154,  95, 151,  40, 176, 191, 251, 163,  60, 201, 118, 238,  31,  36,  19,
    232, 211, 155,  73, 244, 121, 139, 133,  85, 144,  25,  48, 183, 218, 219, 220,
    130, 123,  26,  24, 116,   6, 177, 170, 223, 111, 195,  77,  38,  12, 217, 149
]
