# V4 Final S-box - PERTURBATION KAPALI
# Generated on: 2026-01-21T17:11:55.408

sbox = UInt8[
    144, 145, 161, 167, 131,  26, 230, 128, 134, 132, 101, 188,  99,  31, 184,   7,
    160, 152,   0,  74, 172,  86, 202,  93,  66,   4, 147,  80,  84, 216, 109, 164,
    234, 108, 249, 159,  13,  64, 253,  52, 146, 246,  27, 203, 229, 233,  83, 102,
     55,  63,  32, 158, 191,  22, 219,  47, 196,  87,  51, 189, 106,  57, 226, 165,
      9, 162,   2,  59,  19,  16, 113,  82,  50,  90,   8,  37, 208,  45,  62, 143,
     44, 204,  72, 129,  89, 115, 244,  98, 135, 251,  65,  92,  33,  67, 170, 175,
     38, 149, 179, 124, 133, 126,   3, 182,   1, 153,  29, 227,  56, 140, 111,  95,
    177, 198, 100, 166, 254, 114, 240, 185, 225, 242, 141, 236,  68, 237, 104,  73,
    211, 220,  10, 250, 207, 255, 218,  12, 252, 183,  25, 171, 122, 217, 112,  96,
    231,   6, 235,  91,  54,  76, 156, 139, 193, 205, 127,  77, 157,  23,  42,  14,
     60, 238, 168, 224,  39,  58, 200,  79, 201, 209, 121,  34, 174, 151,  53,  88,
     81, 245, 123, 210, 214, 187, 247, 137, 176, 155, 241, 213,  75, 169, 105, 194,
    154, 195,  78, 248, 190, 103, 232, 173, 107, 243,  94,  48, 221,  70,  40,  35,
    222, 181,  85, 125,  15,  36,  46, 138,  30, 119, 215,  18, 130, 180, 110,  69,
     28,  97, 150,  21, 239, 118, 116, 199, 136, 192,  43, 142,  17, 197, 117,  41,
    163, 223,  20, 212,  49,  11,  71,  24,  61, 228, 178, 148,   5, 186, 206, 120
]
