# Final optimized S-box - COMPOSITE FITNESS WITH EARLY STOPPING
# Generated on: 2026-01-28T16:29:38.321
# Format: 16 values per line (256 total)

sbox = UInt8[
    142, 107, 195,  92, 214,  98,  27,  78, 230,  37,   8, 193, 222, 132, 248, 247,
    166,   3,   4,  45, 216, 174, 244,  87,  33,   0, 163, 217, 154, 250,  11,  44,
    149,  32, 245,  71,  94, 221, 243, 240,  85,  82, 180, 137, 186, 143, 198, 156,
    131, 194, 178, 238,  76,  43, 173,  64,  68,  63,  90, 225, 191, 115, 159,  18,
    145,  10,  77, 146, 207, 119,  65,  93,  34,  67,  23, 148,  24, 109, 135, 116,
    213, 205,  19,   6, 177, 199, 187, 150, 220, 212, 219, 235,  16, 254, 252, 122,
     53, 164, 127, 189,  55, 161,  39, 121,  49, 192,  83,  74, 210, 231, 160,  13,
    102, 108,  86, 152, 101, 105, 144, 224, 175, 227, 130, 211, 110,  51,  89, 157,
    196,  91,  14, 162, 138, 234,  42,  41, 208, 246, 203,  48,  79, 226, 255,  70,
    179, 176, 134,  99,  88, 200, 106, 253, 182, 206, 126, 140,  56,  22,  36, 112,
    158, 239, 172,  95,  31, 223, 111,  20,  66, 237, 155, 233,  84, 118, 201,   7,
    202, 113, 232,  96,  59, 184,  75,  28,  47,  69,  26, 114, 169, 136, 117,  17,
    147, 188, 228, 241, 120, 151, 168, 103,  30, 139,  72,  25,  29, 124, 185, 141,
      1, 104, 197,  15,  35, 170, 128, 100,  46,  38,   5, 251, 153,   2,  40, 218,
     12, 229,  73, 190, 129, 167, 125, 236, 171, 249,  61,  52,  57, 181,  21,   9,
    242,  60, 183, 215, 165,  97,  58,  81, 133,  80, 209, 123, 204,  62,  54,  50
]

# Comma-separated format:
142, 107, 195, 92, 214, 98, 27, 78, 230, 37, 8, 193, 222, 132, 248, 247, 166, 3, 4, 45, 216, 174, 244, 87, 33, 0, 163, 217, 154, 250, 11, 44, 149, 32, 245, 71, 94, 221, 243, 240, 85, 82, 180, 137, 186, 143, 198, 156, 131, 194, 178, 238, 76, 43, 173, 64, 68, 63, 90, 225, 191, 115, 159, 18, 145, 10, 77, 146, 207, 119, 65, 93, 34, 67, 23, 148, 24, 109, 135, 116, 213, 205, 19, 6, 177, 199, 187, 150, 220, 212, 219, 235, 16, 254, 252, 122, 53, 164, 127, 189, 55, 161, 39, 121, 49, 192, 83, 74, 210, 231, 160, 13, 102, 108, 86, 152, 101, 105, 144, 224, 175, 227, 130, 211, 110, 51, 89, 157, 196, 91, 14, 162, 138, 234, 42, 41, 208, 246, 203, 48, 79, 226, 255, 70, 179, 176, 134, 99, 88, 200, 106, 253, 182, 206, 126, 140, 56, 22, 36, 112, 158, 239, 172, 95, 31, 223, 111, 20, 66, 237, 155, 233, 84, 118, 201, 7, 202, 113, 232, 96, 59, 184, 75, 28, 47, 69, 26, 114, 169, 136, 117, 17, 147, 188, 228, 241, 120, 151, 168, 103, 30, 139, 72, 25, 29, 124, 185, 141, 1, 104, 197, 15, 35, 170, 128, 100, 46, 38, 5, 251, 153, 2, 40, 218, 12, 229, 73, 190, 129, 167, 125, 236, 171, 249, 61, 52, 57, 181, 21, 9, 242, 60, 183, 215, 165, 97, 58, 81, 133, 80, 209, 123, 204, 62, 54, 50
