# V4 Final S-box - PERTURBATION KAPALI
# Generated on: 2026-01-20T13:03:30.523

sbox = UInt8[
    141, 107, 195, 231, 110,  98,  27, 249, 183, 192,   8,  99, 130, 199, 248, 225,
     56,   3, 164,  45, 216, 123, 175,  87,  19, 217, 163,  34, 154, 244,  11,  94,
    149,  83, 145,  71, 194,  93, 108, 119,  85,  82,  50, 137, 186, 166, 100, 234,
    140,  69, 247,  96, 253, 214, 178,  21,  68,   5,  90,  73, 191, 104,  44,  84,
    131,  10, 198, 146, 207,  53, 197, 109, 176,  24, 189, 160, 118, 237, 135,  81,
    187,  43, 142, 156, 177, 112, 161, 127, 220,  40,  22, 243,  95, 174, 252, 122,
    179,  18,  91, 240,  55,  80,   7, 121,  33,  15, 143, 111, 210, 235, 159, 182,
    102,   4,  86, 152, 136, 105,  13, 232, 138, 230,  77, 211,  70,  51, 151, 157,
    196,   0, 134, 246,  78, 180,  42,  59, 209, 242, 203,   6,  79, 226,  63, 205,
    219,  49,  39, 201, 120,  66, 106, 254,  65, 206, 126, 239, 167,  14,  36,  41,
    158, 208, 190,  16,  31, 255,  74,  20,  72, 250, 155, 221, 245, 150,   2,  38,
    124, 241, 222, 238, 116, 184,  75,  28,  47,  89,  48, 114, 169,   1, 113,  17,
    147, 172, 228, 117, 233, 185, 168, 103,  30, 139,  92,  25, 212, 202, 165,  29,
    132, 173, 193, 213,  35, 170, 128,  26,  46,  23, 224, 251, 153, 115, 200, 218,
     12, 229, 162, 188, 129,  32,  88, 236, 171,  52,  61, 125,  57,  67, 101,   9,
     76,  60, 227, 215, 223,  97,  58, 181, 133, 144,  37, 148, 204,  62,  54,  64
]
