# V4 Final S-box - PERTURBATION KAPALI
# Generated on: 2026-01-21T10:51:51.766

sbox = UInt8[
    118, 168, 212, 166, 155, 133,  87, 219, 233, 226, 253,  30, 136, 221,   6, 232,
     62,  52, 246, 150, 178, 131, 115, 248,  63, 157, 224,  93, 144,  18,   2,  73,
    158, 108, 124,  14, 143, 173, 250,  28, 193, 114,  42,  17,  11, 174, 126, 125,
    210, 223,  38,   9, 201, 101, 207, 142,  25, 134, 237, 199,  86,  74, 107, 208,
    164, 184, 197, 109,  13,  64, 145, 249,  79,  94, 202, 206, 111,  61,  37, 176,
     45,  41,  22,  96,  35,  88, 169,  66, 186, 235, 189, 216,   0, 220,  21, 247,
    204, 231,  89, 119, 128,   3, 172, 127,  54, 161,  36, 132,  98, 165,  10, 110,
    141, 217, 218, 106,  57, 195, 117,  58,  51, 254,   7,  50,  12, 245, 171,  44,
     92,  76,  48, 121, 188,  56,  39, 156, 100, 252, 205, 138,  97, 255, 236, 194,
    225,  46,   5, 227, 159,  80,  67,  77, 198,  19, 215, 228, 135, 180,  70, 203,
    162, 239,  34, 122, 211, 209, 185, 187, 213,  29, 181, 200, 182,  31, 129, 116,
     53,  20, 149,  26, 170, 160,   1,  15, 130,  75, 241,   4, 113,  47, 123,  65,
     95,  27,  82,  99,  81,  91, 243, 105, 238, 242,  72, 154, 214, 153,  43,  60,
    179,  84, 139, 240, 229,  33,  32,  59,  83,  55, 103, 112, 137,  24, 222,  90,
     16,  78, 183,  23, 230,  71, 192, 196,  85, 177, 191, 163, 140, 146, 190, 104,
    167, 152, 251, 102, 147, 148,  49,  40,  68, 244,   8,  69, 151, 234, 175, 120
]
