# V4 Final S-box - PERTURBATION KAPALI
# Generated on: 2026-01-21T22:07:19.963

sbox = UInt8[
     14,  45, 189, 106,  95, 166, 191, 219,  88, 101, 120,  83, 146, 249,  68,  52,
    182, 245,   7,  87, 104,  10, 151,  11,  43, 200, 205, 132,  29, 107, 207,  97,
    216, 194, 184, 206, 210,  18,  60, 241, 218, 108,  32, 181,  99,  58, 187, 242,
    254,  28,  44, 153,  19, 172, 190, 213,   4, 230,  81,  86,   8, 179,  63,  71,
    173, 127, 162,  17, 140,  39,  57, 239, 178,  66, 110,  50,  67,   5,  42,  64,
     74, 202, 229, 192, 109,  62, 100,  21, 186, 145, 138,  98, 209, 185, 137,  85,
    233, 198, 248,  23, 143, 119, 214, 240, 144, 168, 201,  92, 247, 221, 136, 159,
     16,  33, 148,  13,  80, 169, 126, 222, 158,  41, 197, 204, 246,  89, 142, 129,
    122, 235, 252, 231, 160, 170,  27, 180,  94, 193,  54,  51,  72, 102, 115,   0,
    208, 150,  34,  78,  37,  56,  20, 157, 103, 226, 228, 135, 215, 125,  15, 255,
    212,  35,  70,  22,  82, 124, 134,  93, 250, 147, 167,   2, 171, 196, 114,  49,
    152, 121, 105, 131,  96,  61,  79, 141, 112,  76,  90,  48,  91, 175,  46, 237,
     59, 253, 156, 220, 234,  84,  40, 225,  65,   3, 165, 188, 243, 174,  75, 224,
    113, 154, 133,  30, 118, 176, 238, 251, 163,   1,  69, 203, 161,  31,  36, 128,
    164, 211, 155,  73, 236, 139, 199,   9, 117,  53,  25, 232, 183,  47, 227, 244,
    130, 123,  26,  24, 116,   6, 177,  55, 223, 111, 195,  77,  38,  12, 217, 149
]
