# V4 Final S-box - PERTURBATION KAPALI
# Generated on: 2026-01-20T15:07:50.185

sbox = UInt8[
    140, 107, 195, 243, 215,  98,  27,  78, 183, 149,   8, 208, 222, 132, 248, 225,
    166,   3, 142,  45, 216, 174, 153,  87,  83, 217, 163,  19, 154, 249,  11,  44,
     15,  49, 145,  71, 245,  93, 116, 240,  85,  82, 180, 137, 186,  18, 100, 130,
    188,  12, 247,  96,  76,  43, 233,  52, 214,  77,  90,  20, 191, 201, 210, 164,
    131,  10,  21, 146, 207,  53,  16, 109,  34,  67, 119, 148, 238, 125, 135,  80,
    178, 205, 255,  64, 177,  97, 187, 252,  74, 212, 219, 231,  95, 199,  65, 122,
     23, 143,  91, 189,  55,  89,   7, 121,  33,  94, 150, 111,  37, 235,  68,  17,
    102, 108,  86, 152, 160, 105,  13, 241, 138, 230, 224, 211, 110,  24, 185, 159,
    196, 127,  14,  39, 124, 234,  42,  59, 209, 246, 203,   6,  79, 226,  63,   4,
    179, 176, 228,  92, 120, 200, 106, 253, 193, 206, 126,  99,  40,  22,  69,  84,
    182, 213, 172,  73, 103, 223, 220, 112,   1, 190, 155, 221, 232, 118, 244, 134,
    162, 113, 156,  58, 250, 184,  75,  28,  47,  48,  26, 114, 169, 136, 117, 158,
    147,  41, 175, 239, 167, 157, 161,  31,  30, 139,  72,  25,  29, 202, 165, 141,
     35,   9, 197, 192,  66, 168, 128,  70,  46,  38,   5, 251,   2, 115, 104,  62,
     36, 229, 242, 198, 129,  32,  88, 236, 171, 237,  61,   0,  57,  81, 101,  56,
    218,  60, 227, 151, 173, 170, 123, 181, 133, 144, 194,  51, 204, 254,  54,  50
]
