# V4 Final S-box - PERTURBATION KAPALI
# Generated on: 2026-01-20T13:36:03.181

sbox = UInt8[
    142, 107, 195, 243, 126,  98,  29,  78, 183,  37,   8,   4, 213,  45, 248, 112,
    166,   3, 220, 168, 216, 250, 254,  87,  71, 217, 163,  19,  18, 249,  11,  44,
    149,  49, 145,  39, 223, 122,  53, 167,  85,  82, 180, 137, 251, 240, 100,  50,
    140, 241, 218,  96,  76,  43, 161,  33, 214,  77,  62,  84, 191, 186,  15, 164,
    144,  47,   0, 198, 207, 117, 177, 173,  63,  67, 119, 135, 174, 125, 208,  81,
     35, 197, 255,  80, 247,  69, 187,  93, 146, 221, 219,  38,  95, 151, 238,  91,
     23,  30,  94,  10,  55,  89,   7, 201,  32,  92, 157,  56, 210, 235, 159, 182,
    108, 102,  24, 152, 224, 105,  13, 232, 138, 230, 212, 211, 110, 199, 185, 155,
    172, 127,  14, 162, 175, 234,  42,  59, 209, 196, 203,   6,  79, 226,  34,  70,
    245, 156,  83, 132, 120, 252, 106, 253, 179, 206, 244,  99,  41,  22,  36,  73,
    158, 239, 200,  16,  31, 131,  74,  48,  66, 121,  26, 204, 205, 118, 189, 134,
    124, 178,  60, 150, 111, 184,  75,  28,   2, 116, 227, 114, 169, 136,  20,  21,
    147, 188, 228, 160, 233,  68,   1, 103, 154, 139,  51,  25, 113,  17, 165,  57,
    225,  40, 193, 222, 231, 170, 128, 148,  46, 141,   5, 104, 153, 115,  72,  54,
     12, 229, 242, 190, 129,   9,  88, 236, 171, 237,  61,  52,  27,  64, 101, 202,
     58, 130, 143, 215, 176,  97,  90, 181, 133, 192, 194, 123, 246,  86,  65, 109
]
