# Final optimized S-box - COMPOSITE FITNESS WITH EARLY STOPPING
# Generated on: 2026-01-29T08:50:47.698
# Format: 16 values per line (256 total)

sbox = UInt8[
    144, 110, 198, 131,  31, 253, 230, 128,  16, 132,  26,  74,  99,  37, 178,   7,
    228, 152,  89,  34, 101,  96, 202,  93,  66,   6, 147, 196, 104, 216, 109, 161,
    243, 108, 249, 159,  92,  64, 233,   3,   0, 162, 211, 234, 229, 251,  83, 197,
    167,  63,  32, 158, 102,  22, 219, 151, 246,  87,  51, 189, 106, 235, 226, 177,
      9, 166,  12,  59,  19, 208, 116, 236, 191, 164, 169, 154, 117,  45,  62, 143,
     44, 204,  55, 129,  50, 115, 244,  56, 133,  52,  65,  90, 193,  61,  43, 188,
     36, 149, 179, 218, 183, 126, 138, 231,   1, 248,  29,  38, 172, 140, 111, 206,
    180, 146, 182, 195, 254, 114, 240, 160, 225, 242, 141,  82,  68, 237, 174,  73,
     25, 221,  10, 250, 205, 241, 186,  13, 252, 187, 170, 175, 122, 217, 112, 185,
    118,   2, 171,  94,  54, 157, 156,   4, 209, 222, 127,  77, 153,  27,  42,  14,
     60,  78, 168, 145,  39,  58, 200,  91, 201, 150, 224,  20, 212, 107,  53,  88,
     84, 245, 123,  86,  72, 255, 247, 137, 176, 155, 135, 213,  75, 214, 105, 194,
     24, 227,  79,  98, 190, 142, 232, 103,  57, 203,  28,  48, 220, 120,  40,  35,
     47, 181,  85, 125,  15, 100,  46,  41,  30, 119, 215,  18, 210, 165,  76,  23,
    139,  97, 134,  21, 239, 113, 238, 199, 136,  95,  33, 173,  17,  71,  69, 184,
    163, 223, 124,  81,  49,  11,  70,   8,  67,  80, 130, 148,   5, 192, 207, 121
]

# Comma-separated format:
144, 110, 198, 131, 31, 253, 230, 128, 16, 132, 26, 74, 99, 37, 178, 7, 228, 152, 89, 34, 101, 96, 202, 93, 66, 6, 147, 196, 104, 216, 109, 161, 243, 108, 249, 159, 92, 64, 233, 3, 0, 162, 211, 234, 229, 251, 83, 197, 167, 63, 32, 158, 102, 22, 219, 151, 246, 87, 51, 189, 106, 235, 226, 177, 9, 166, 12, 59, 19, 208, 116, 236, 191, 164, 169, 154, 117, 45, 62, 143, 44, 204, 55, 129, 50, 115, 244, 56, 133, 52, 65, 90, 193, 61, 43, 188, 36, 149, 179, 218, 183, 126, 138, 231, 1, 248, 29, 38, 172, 140, 111, 206, 180, 146, 182, 195, 254, 114, 240, 160, 225, 242, 141, 82, 68, 237, 174, 73, 25, 221, 10, 250, 205, 241, 186, 13, 252, 187, 170, 175, 122, 217, 112, 185, 118, 2, 171, 94, 54, 157, 156, 4, 209, 222, 127, 77, 153, 27, 42, 14, 60, 78, 168, 145, 39, 58, 200, 91, 201, 150, 224, 20, 212, 107, 53, 88, 84, 245, 123, 86, 72, 255, 247, 137, 176, 155, 135, 213, 75, 214, 105, 194, 24, 227, 79, 98, 190, 142, 232, 103, 57, 203, 28, 48, 220, 120, 40, 35, 47, 181, 85, 125, 15, 100, 46, 41, 30, 119, 215, 18, 210, 165, 76, 23, 139, 97, 134, 21, 239, 113, 238, 199, 136, 95, 33, 173, 17, 71, 69, 184, 163, 223, 124, 81, 49, 11, 70, 8, 67, 80, 130, 148, 5, 192, 207, 121
