# Final optimized S-box - COMPOSITE FITNESS WITH EARLY STOPPING
# Generated on: 2026-01-29T08:12:53.857
# Format: 16 values per line (256 total)

sbox = UInt8[
    144, 157, 161, 200,  31,   3, 230, 128, 134, 210,   8,  34,  99, 109, 252,   7,
    145, 152,   0,  77, 101, 198, 142,  93,  66,   6, 147, 196, 104,  90, 124,  96,
    243, 108, 207,  13,  12,  64, 184,  52,  83, 246, 211,  58, 229, 233,  35, 227,
    239,  63,  32, 158, 191,  22, 219, 151,  27,  94,  51, 188, 106,  57, 226, 166,
    169, 162,   4,  59,  19,  16, 116,  88,  50,  43, 164, 186,  69, 189,  62, 143,
     44, 204,  55, 129,  89, 115,  80,  98, 217, 251,  65,  92, 193,  67, 185, 175,
     38, 149, 179, 111, 228, 148, 178, 231,   1, 153,  29,  56, 172, 140,  37, 223,
    133, 132, 234, 177, 254, 114, 240,   9, 225, 242, 141, 236,  68, 237, 182,  73,
     25, 220,  20, 250,  10, 255, 174, 195, 253, 183, 170, 171, 122, 135, 112, 248,
    100,   2, 235,  78,  54,  76, 202, 190, 209, 167, 127, 155,  30,  33,  42,  14,
     60, 238, 168, 160,  39, 206, 216,  91, 201, 208, 121, 249, 212, 218,  53,  82,
     84, 245, 123,  86, 214, 187, 126, 137, 176,  95, 241, 213,  75, 131, 105, 194,
     26, 159,  79, 224, 139, 103, 232, 173, 107, 203,  87,  48, 221, 197,  40, 146,
     47, 181,  85, 125,  15,  36, 244, 138,  72, 119, 215,  18, 130, 165, 110,  23,
     28,  97, 150,  21, 205, 113, 118, 180, 136, 192, 199, 156,  17,  71, 117,  41,
    163,  74,  45,  81,  49,  11,  70,  24,  61,  46, 102, 247,   5, 154, 222, 120
]

# Comma-separated format:
144, 157, 161, 200, 31, 3, 230, 128, 134, 210, 8, 34, 99, 109, 252, 7, 145, 152, 0, 77, 101, 198, 142, 93, 66, 6, 147, 196, 104, 90, 124, 96, 243, 108, 207, 13, 12, 64, 184, 52, 83, 246, 211, 58, 229, 233, 35, 227, 239, 63, 32, 158, 191, 22, 219, 151, 27, 94, 51, 188, 106, 57, 226, 166, 169, 162, 4, 59, 19, 16, 116, 88, 50, 43, 164, 186, 69, 189, 62, 143, 44, 204, 55, 129, 89, 115, 80, 98, 217, 251, 65, 92, 193, 67, 185, 175, 38, 149, 179, 111, 228, 148, 178, 231, 1, 153, 29, 56, 172, 140, 37, 223, 133, 132, 234, 177, 254, 114, 240, 9, 225, 242, 141, 236, 68, 237, 182, 73, 25, 220, 20, 250, 10, 255, 174, 195, 253, 183, 170, 171, 122, 135, 112, 248, 100, 2, 235, 78, 54, 76, 202, 190, 209, 167, 127, 155, 30, 33, 42, 14, 60, 238, 168, 160, 39, 206, 216, 91, 201, 208, 121, 249, 212, 218, 53, 82, 84, 245, 123, 86, 214, 187, 126, 137, 176, 95, 241, 213, 75, 131, 105, 194, 26, 159, 79, 224, 139, 103, 232, 173, 107, 203, 87, 48, 221, 197, 40, 146, 47, 181, 85, 125, 15, 36, 244, 138, 72, 119, 215, 18, 130, 165, 110, 23, 28, 97, 150, 21, 205, 113, 118, 180, 136, 192, 199, 156, 17, 71, 117, 41, 163, 74, 45, 81, 49, 11, 70, 24, 61, 46, 102, 247, 5, 154, 222, 120
