# Final optimized S-box - COMPOSITE FITNESS WITH EARLY STOPPING
# Generated on: 2026-01-28T20:34:34.891
# Format: 16 values per line (256 total)

sbox = UInt8[
    142,  33, 195, 243, 214,  98,  27,  78, 183,   4,  71, 208, 222, 132, 248, 225,
    166,   3,   6,  49, 216, 153, 174,  35, 211, 131, 163, 114, 154, 249,  11,  44,
     87, 106, 112, 149, 186,  93, 224, 240,  85,  82, 147, 137, 255, 178, 104, 156,
    140,  69, 184,  88,  76,  43, 161,  21, 151,  65,  90, 201, 191, 177,  15, 164,
    128,  10,   0, 146, 196,  52, 117, 207,  34, 197, 109, 148,  24, 122, 135,  97,
    169, 187, 223,  64, 254, 125, 159, 150,  55, 212, 219, 231, 175, 199, 252, 206,
    215,  18,  89, 189,  94,  91, 118, 121, 107, 108, 143, 111, 210, 235, 119, 182,
    179, 220, 102, 152, 160, 105,  50,  42, 138, 230, 246,  84, 110,  51, 185, 157,
     77, 127,  83, 162,  95, 234, 232,  59, 209,  72, 218,  62,  79, 226,  63,  70,
      7, 126,  23,  92, 120, 200, 237, 253, 193, 116,  26, 239,  56,  22,  36,  20,
    158,  99, 172,  16, 167,  39,  74, 145,  66, 250, 155, 221, 245,  86,   2, 192,
    124, 113, 130, 238,  41, 229,  75, 180,  47,  53, 247,  19,  31, 136, 205,  17,
     28, 188, 103, 241,  60,  68, 168, 228,  30, 139,  73,   9,  29, 203, 165, 141,
      1,  40, 134,  67,   8, 170, 181, 198,  46,  38,  81,  12,   5, 217, 100, 115,
     25, 176, 242, 190, 129,  32,  57, 236, 171,  54,  61, 202,  13, 244,  37, 123,
    144, 233, 227, 213, 173,  96,  58,  48, 133,  45, 194, 251, 204, 101,  80,  14
]

# Comma-separated format:
142, 33, 195, 243, 214, 98, 27, 78, 183, 4, 71, 208, 222, 132, 248, 225, 166, 3, 6, 49, 216, 153, 174, 35, 211, 131, 163, 114, 154, 249, 11, 44, 87, 106, 112, 149, 186, 93, 224, 240, 85, 82, 147, 137, 255, 178, 104, 156, 140, 69, 184, 88, 76, 43, 161, 21, 151, 65, 90, 201, 191, 177, 15, 164, 128, 10, 0, 146, 196, 52, 117, 207, 34, 197, 109, 148, 24, 122, 135, 97, 169, 187, 223, 64, 254, 125, 159, 150, 55, 212, 219, 231, 175, 199, 252, 206, 215, 18, 89, 189, 94, 91, 118, 121, 107, 108, 143, 111, 210, 235, 119, 182, 179, 220, 102, 152, 160, 105, 50, 42, 138, 230, 246, 84, 110, 51, 185, 157, 77, 127, 83, 162, 95, 234, 232, 59, 209, 72, 218, 62, 79, 226, 63, 70, 7, 126, 23, 92, 120, 200, 237, 253, 193, 116, 26, 239, 56, 22, 36, 20, 158, 99, 172, 16, 167, 39, 74, 145, 66, 250, 155, 221, 245, 86, 2, 192, 124, 113, 130, 238, 41, 229, 75, 180, 47, 53, 247, 19, 31, 136, 205, 17, 28, 188, 103, 241, 60, 68, 168, 228, 30, 139, 73, 9, 29, 203, 165, 141, 1, 40, 134, 67, 8, 170, 181, 198, 46, 38, 81, 12, 5, 217, 100, 115, 25, 176, 242, 190, 129, 32, 57, 236, 171, 54, 61, 202, 13, 244, 37, 123, 144, 233, 227, 213, 173, 96, 58, 48, 133, 45, 194, 251, 204, 101, 80, 14
