# Final optimized S-box - COMPOSITE FITNESS WITH EARLY STOPPING
# Generated on: 2026-01-29T09:52:04.056
# Format: 16 values per line (256 total)

sbox = UInt8[
     31, 157, 161,  72, 159,   3, 230, 128, 134, 132,   8, 130, 246,  37, 184,   7,
    160, 152,   0,  74, 101, 197, 150,  24,  66,   6, 147, 196, 104, 248, 109,  96,
    243, 108, 249,  67,  12,  64, 253,  52, 207,  54, 211, 234, 229, 233, 115, 227,
    156,  63,  32, 192, 191,  30, 219, 224, 228,  87,  51, 189, 106,  57, 226, 145,
      9, 162,   4,  59,  19,  36, 116,  82,  50,  90, 169,  46,  69,   1,  62,  88,
    190, 204,  55, 129,  89,  91, 244,  98, 135, 251,  65,  92, 151,  86, 199, 175,
     38, 149, 179,  14, 133, 238, 178, 231,  45,  22,  29,  56,  93, 140, 111, 153,
    166, 210, 201, 186, 254, 114, 240, 164, 225, 242, 141, 236,  68, 237, 174,  73,
     25, 220,  10, 250, 200, 255, 206,  13, 252, 167, 126, 171, 122, 217, 112, 185,
    100,   2, 235,  78,  99,  76, 183, 139, 209, 205, 127,  77, 143,  33,  42, 144,
     60, 124, 168, 216,  39,  58, 202,  83, 182,  18, 121,  20, 212, 218,  53,  70,
     84, 245, 123, 118,  43, 187, 247, 137, 176, 155, 241, 213,  75, 131, 193, 194,
     26, 195,  79, 113, 170, 103, 232, 173, 107, 203,  44,  48, 221,  16,  40,  35,
     47, 181,  85,  95,  15, 125, 154, 138,  34, 119, 215,  11, 146, 165, 110,  23,
     28,  97, 180,  21, 239, 105,  94, 214, 208, 158,  27, 142,  17,  71, 117,  41,
    163, 223, 188,  81,  49, 136, 198, 172,  61,  80, 102, 148,   5, 177, 222, 120
]

# Comma-separated format:
31, 157, 161, 72, 159, 3, 230, 128, 134, 132, 8, 130, 246, 37, 184, 7, 160, 152, 0, 74, 101, 197, 150, 24, 66, 6, 147, 196, 104, 248, 109, 96, 243, 108, 249, 67, 12, 64, 253, 52, 207, 54, 211, 234, 229, 233, 115, 227, 156, 63, 32, 192, 191, 30, 219, 224, 228, 87, 51, 189, 106, 57, 226, 145, 9, 162, 4, 59, 19, 36, 116, 82, 50, 90, 169, 46, 69, 1, 62, 88, 190, 204, 55, 129, 89, 91, 244, 98, 135, 251, 65, 92, 151, 86, 199, 175, 38, 149, 179, 14, 133, 238, 178, 231, 45, 22, 29, 56, 93, 140, 111, 153, 166, 210, 201, 186, 254, 114, 240, 164, 225, 242, 141, 236, 68, 237, 174, 73, 25, 220, 10, 250, 200, 255, 206, 13, 252, 167, 126, 171, 122, 217, 112, 185, 100, 2, 235, 78, 99, 76, 183, 139, 209, 205, 127, 77, 143, 33, 42, 144, 60, 124, 168, 216, 39, 58, 202, 83, 182, 18, 121, 20, 212, 218, 53, 70, 84, 245, 123, 118, 43, 187, 247, 137, 176, 155, 241, 213, 75, 131, 193, 194, 26, 195, 79, 113, 170, 103, 232, 173, 107, 203, 44, 48, 221, 16, 40, 35, 47, 181, 85, 95, 15, 125, 154, 138, 34, 119, 215, 11, 146, 165, 110, 23, 28, 97, 180, 21, 239, 105, 94, 214, 208, 158, 27, 142, 17, 71, 117, 41, 163, 223, 188, 81, 49, 136, 198, 172, 61, 80, 102, 148, 5, 177, 222, 120
