# Final optimized S-box - COMPOSITE FITNESS WITH EARLY STOPPING
# Generated on: 2026-01-28T16:49:09.307
# Format: 16 values per line (256 total)

sbox = UInt8[
    142, 107, 231, 243, 253,  98,  85,  78,  55,  99,   8, 208, 222, 132, 248, 199,
    166, 202, 114,  45, 254, 174, 244,  87,  34,  54, 163,  19, 154, 249,  11, 232,
    149,  49, 137,  71, 194,  93, 116, 240,  27, 122, 180,   3, 186, 106, 100, 203,
    140,  37, 247,  96,  76,  43, 161,  21, 151,  17,  88,  84, 191, 201,  15, 164,
    131,  10,  16, 146, 185,  33, 183, 101,  83,  67, 119, 148,  24, 125, 135, 226,
    178, 197, 150,  64, 177,  73, 187, 160, 188, 212, 219, 225,  95,  23,  79,  41,
     59, 238,  91, 189,  53,  89,   7, 121,  65,  94, 143, 111, 210,  13, 159, 182,
    102, 108,  86,  52, 255, 105,  18,  56, 138, 230, 224, 211, 110,  51,  61, 157,
    196, 167,  14, 162, 175,  77,  42,  38,   4, 239, 195,   6,   2, 192,  63,  70,
    179, 152,  39,  92,  90, 200, 104, 214, 193, 206, 126, 109,  44,  22,  36, 112,
    158,  47, 220, 235,  31, 223,  74,  20,  66, 250, 155, 221, 245, 118, 252,  68,
    124, 113, 130, 209,  82, 215,  75,  28, 246,  50,  26,  48, 169, 136, 117, 234,
    147, 172, 228, 241, 233, 141, 168, 103,  30, 139,  72,  25,  29, 128, 165, 134,
      1,  40, 133, 213,  35, 170,  80, 144,  46, 145,   5, 251, 153, 115,  60, 218,
     12, 229, 242, 190, 129,  32, 120, 236, 171, 237, 207, 176,  57,  81,  69,   9,
    216,  58, 227, 184, 173,  97, 127, 181, 205, 198, 156, 123, 204,  62, 217,   0
]

# Comma-separated format:
142, 107, 231, 243, 253, 98, 85, 78, 55, 99, 8, 208, 222, 132, 248, 199, 166, 202, 114, 45, 254, 174, 244, 87, 34, 54, 163, 19, 154, 249, 11, 232, 149, 49, 137, 71, 194, 93, 116, 240, 27, 122, 180, 3, 186, 106, 100, 203, 140, 37, 247, 96, 76, 43, 161, 21, 151, 17, 88, 84, 191, 201, 15, 164, 131, 10, 16, 146, 185, 33, 183, 101, 83, 67, 119, 148, 24, 125, 135, 226, 178, 197, 150, 64, 177, 73, 187, 160, 188, 212, 219, 225, 95, 23, 79, 41, 59, 238, 91, 189, 53, 89, 7, 121, 65, 94, 143, 111, 210, 13, 159, 182, 102, 108, 86, 52, 255, 105, 18, 56, 138, 230, 224, 211, 110, 51, 61, 157, 196, 167, 14, 162, 175, 77, 42, 38, 4, 239, 195, 6, 2, 192, 63, 70, 179, 152, 39, 92, 90, 200, 104, 214, 193, 206, 126, 109, 44, 22, 36, 112, 158, 47, 220, 235, 31, 223, 74, 20, 66, 250, 155, 221, 245, 118, 252, 68, 124, 113, 130, 209, 82, 215, 75, 28, 246, 50, 26, 48, 169, 136, 117, 234, 147, 172, 228, 241, 233, 141, 168, 103, 30, 139, 72, 25, 29, 128, 165, 134, 1, 40, 133, 213, 35, 170, 80, 144, 46, 145, 5, 251, 153, 115, 60, 218, 12, 229, 242, 190, 129, 32, 120, 236, 171, 237, 207, 176, 57, 81, 69, 9, 216, 58, 227, 184, 173, 97, 127, 181, 205, 198, 156, 123, 204, 62, 217, 0
