# V4 Final S-box - PERTURBATION KAPALI
# Generated on: 2026-01-21T10:32:02.255

sbox = UInt8[
    114, 168, 177, 116, 195, 165, 213, 243, 115, 226, 253,  30, 206, 221, 237,  31,
     62,  52, 246, 150,  71,   2, 245, 248,  27, 157, 112,  93, 240, 192, 193, 196,
    162, 108, 124,   4, 143, 173, 250, 144, 113, 127,  88, 122,  13, 174, 210,  53,
    183, 155,  38, 154, 201, 101, 207, 142,  25, 134, 175,  44, 228,  74, 202, 208,
    164, 241,  60, 109,   9,  83, 145, 215,  79,  90, 203, 236, 111,  61, 118, 136,
     45,  41,  22, 224,  35, 231, 169, 131,  94, 235,  73, 216, 120, 130,  21, 121,
    204, 163,  89, 104, 128,   3,  67, 166, 181, 161,  36,  14,  98, 140,  10, 160,
     19, 217, 218,  46,  57, 223, 117,  58,  51, 254,   7,  50, 220,  43, 171,  48,
     92,  76,  56, 233, 188,   8,  39, 156, 100, 158, 205, 138,  97, 255, 110, 194,
    225,  12,  23, 227, 159,  80,  54,  77, 198, 148, 200, 178, 135, 180,  70, 107,
      6, 239,  34,  86, 211, 119, 185, 187,  66, 141,   1, 249, 182, 125, 232, 176,
     17,  16, 252,  26, 170,  20, 126,  15,  64,  75, 247, 132, 149,   0, 123,  65,
     95,  49, 199,  28,  81,  91,  82, 105, 238, 242,  72, 197, 214, 153, 219,  37,
    179,  84, 139,   5,  33, 209,  32,  59,  18,  63, 191,  96, 152,  24, 222, 186,
    129,  78,  55,  99, 230,  29, 137, 184,  85, 189,  47, 106, 172, 146, 190,  42,
    167, 133, 251, 102, 147, 212, 229,  40,  68, 244,  87,  69, 151, 234, 103,  11
]
