# Final optimized S-box - THREAD-SAFE VERSION
# Generated on: 2025-07-18T10:29:45.617
# Format: 16 values per line (256 total)

sbox = UInt8[
    219, 107,  88,  31, 123,  23,  27,  78,   3,  37,   8, 208, 222, 144, 248, 225,
    166, 233, 122,  45, 216, 174, 244,  87, 242, 217,  62,  19, 154, 249, 163,  44,
    149,  49, 180,  71,  18, 239, 124, 240,   2,  74, 145, 137, 186, 167, 100, 156,
    117,  69, 235,  96,  76,  43, 161,  21, 151,  77,  90,  84, 191, 194,  15, 164,
    131,  10,   0, 146, 193,  53,  60, 153,  32,  82, 119, 148, 218, 125, 135,  80,
    178, 205, 247,  64, 177,  73, 187, 150, 220, 212, 108, 231,  95, 199, 252,   4,
     98, 139,  79, 189,  55,  89,   7, 121,  33,  94, 143, 111,  85, 255, 159, 182,
    102,  54,  86, 232, 160, 105,  13, 170, 138, 230, 224, 211, 110, 126, 185, 157,
    132, 127,  14, 162, 175, 234,  42,  59, 209, 246, 203, 207,  67,  36, 195,  70,
    179, 176,  39,  92, 120, 200, 106, 253,  25, 206,  52,  99,  56,  22, 226, 112,
    158,  61, 172,  16,  91, 223, 215,  24,  66, 250, 155, 221, 214, 118, 210, 134,
    116,  40, 130, 238,  41, 184,  75, 228,  47,  48,  26, 114, 169, 136, 140,  34,
    147, 188,  28, 241, 171,  58, 168, 103,  68, 192,  72,   6,  29, 202, 165, 141,
      1, 113, 197, 213,  35, 152,  17, 198,  46,  38,   5, 251, 204, 115, 104, 128,
     12, 229, 142, 190, 129,  50,  63, 236, 227, 237,  93,  51,  57,  81, 101,   9,
    254,  65, 183, 243, 173,  97,  30, 181, 133, 196, 201, 245, 109,  11,  83,  20
]

# Comma-separated format:
219, 107, 88, 31, 123, 23, 27, 78, 3, 37, 8, 208, 222, 144, 248, 225, 166, 233, 122, 45, 216, 174, 244, 87, 242, 217, 62, 19, 154, 249, 163, 44, 149, 49, 180, 71, 18, 239, 124, 240, 2, 74, 145, 137, 186, 167, 100, 156, 117, 69, 235, 96, 76, 43, 161, 21, 151, 77, 90, 84, 191, 194, 15, 164, 131, 10, 0, 146, 193, 53, 60, 153, 32, 82, 119, 148, 218, 125, 135, 80, 178, 205, 247, 64, 177, 73, 187, 150, 220, 212, 108, 231, 95, 199, 252, 4, 98, 139, 79, 189, 55, 89, 7, 121, 33, 94, 143, 111, 85, 255, 159, 182, 102, 54, 86, 232, 160, 105, 13, 170, 138, 230, 224, 211, 110, 126, 185, 157, 132, 127, 14, 162, 175, 234, 42, 59, 209, 246, 203, 207, 67, 36, 195, 70, 179, 176, 39, 92, 120, 200, 106, 253, 25, 206, 52, 99, 56, 22, 226, 112, 158, 61, 172, 16, 91, 223, 215, 24, 66, 250, 155, 221, 214, 118, 210, 134, 116, 40, 130, 238, 41, 184, 75, 228, 47, 48, 26, 114, 169, 136, 140, 34, 147, 188, 28, 241, 171, 58, 168, 103, 68, 192, 72, 6, 29, 202, 165, 141, 1, 113, 197, 213, 35, 152, 17, 198, 46, 38, 5, 251, 204, 115, 104, 128, 12, 229, 142, 190, 129, 50, 63, 236, 227, 237, 93, 51, 57, 81, 101, 9, 254, 65, 183, 243, 173, 97, 30, 181, 133, 196, 201, 245, 109, 11, 83, 20
