# V4 Final S-box - PERTURBATION KAPALI
# Generated on: 2026-01-20T21:15:17.823

sbox = UInt8[
    142, 107, 235, 243, 247,  98,  74,  78, 183,  90,   8, 208, 222, 132, 184, 225,
    166,   3, 138,  45, 114, 174,  68,  21,  83, 217,   4,  19,  18, 255,  11,  44,
    149,  85, 145,  71, 192,  93, 116, 110,  80,  82, 180, 137, 220, 167, 100, 148,
    206,  35, 245,  96,  76,  43, 165, 213, 151,  77,   9,  26, 207, 201,  15, 164,
    249,  10,   0, 146,  33,  53,  65, 109, 158,  38, 119,  55,  28, 125, 135,  49,
    178, 205, 131, 156, 186,  73, 187, 130, 177, 212, 219, 231,  95, 199, 252, 122,
     23,  69,  27, 189,  84,  89,   7, 121, 105,  94, 159, 111,  59,  51, 162, 182,
    102, 108,  86, 152, 160,  41,  13, 232, 163, 124, 224,  91, 106, 195, 185, 157,
    196, 127,  14, 143, 175, 234,  42, 191, 209, 246, 203,  64, 154, 226,  63,  70,
    179, 176,  39,  92, 120, 200, 240, 253, 193, 238, 126,  99, 172,  22,  34, 112,
     17, 173,  60,  16,  31, 211, 223,  20,  66, 250, 155, 221, 214, 118, 230, 134,
      2, 113, 150, 140, 210,  56,  75,   6,  47,  72,  24, 169, 216, 136, 117, 168,
    147, 188, 228, 241, 233, 190,  57, 103,  30, 139, 227,  25,  61, 202, 248, 141,
      1,  40, 197,  87,  37, 170, 128, 198,  46,  67,   5, 251, 153, 115, 104, 218,
     12, 229, 242, 244, 129,  32,  88, 236, 171, 239, 237,  52,  29,  81, 101,  79,
    254, 161,  48, 215,  54,  97,  58, 181, 133, 144, 194, 123, 204,  62,  36,  50
]
