# V4 Final S-box - PERTURBATION KAPALI
# Generated on: 2026-01-21T11:12:01.545

sbox = UInt8[
     26, 138, 177, 116, 175, 165, 189,  12,  35, 226, 253,  75, 136, 221, 237, 232,
     27,  52, 246, 150, 145,   2, 245, 248, 152, 157, 252,  71, 204, 192, 149,  73,
    162, 108, 124,  83, 143, 173, 250, 144,  79, 127,  92, 122,  13, 174, 126, 125,
    210, 223,  38, 154, 201, 101, 207, 142,  25, 134, 242,  70, 233,  74, 107, 208,
    164, 184, 130,  46,   9, 160, 193, 147,  87,  94, 190, 236, 111,  50,  37, 219,
     45,  41,  22, 224, 109, 163, 169, 241, 186, 235, 158,  88,   1,   0,  21, 119,
     59, 231,  89, 104, 128,  15, 172, 166, 181, 161,  36, 132,  61, 140,  10, 206,
    114, 217, 218,  98,  57, 195, 115,  58, 106, 254,   7,  51, 148,  43, 171, 228,
    216,  76, 112, 121, 188,  44, 110, 156, 100,   6, 205, 133,  97, 255,  23, 194,
    225,  33,   5, 227, 159,  80,  67,  77, 198,  56, 200, 178, 135, 137, 222, 203,
    129, 239,  34,  86, 215, 209, 185, 187, 213, 141,  53, 249, 182,  31, 131,  60,
     17,  16, 220,  19, 170,  20, 120,  11,  64,  93, 229,   4, 113,  47, 180,  65,
     68, 118,  82,  99,  81,  91, 243, 105, 202, 155,  72, 199, 117, 153, 168,  48,
    179,  84, 139, 176,  66,  39, 146, 240,  18,  63, 191,  96, 197,  24,  14,  90,
    214,  78, 183,  55, 230,  29, 123, 196,  85,  28,  49,  95,  32,  54, 238,  42,
    167,  62, 251, 102, 211, 212, 103,  40,  30, 244,   8,  69, 151, 234, 247,   3
]
