# Final optimized S-box - THREAD-SAFE VERSION with Early Stopping
# Generated on: 2025-09-08T23:48:19.464
# Format: 16 values per line (256 total)

sbox = UInt8[
    142, 107, 195, 243, 214,  98,  27,  78, 183,  37,   8,  67, 222, 140, 248, 225,
    166, 106,   4,  40,  80, 174, 129,  87, 117, 167, 163,  19, 154, 249,  11,  44,
    149,  49, 145, 159, 192,  93, 236, 240,  85,  82, 180, 137, 211, 217, 100,  45,
    148,  96,  66,  97,  76,  43, 161,  21, 151,  77,  90,  84, 191, 201,  15,  95,
    131,  10,   0, 146, 207,  53,  65,   2,  34, 208, 119, 132,  24, 125, 120, 212,
    178, 205, 104,  17, 126,  73, 187, 150, 220, 216, 219, 228,  60, 199, 252, 231,
    160,  18,  91, 189,  55,  89,   7, 121,  13,  94, 143, 234, 210, 235,  71,  41,
     62, 190,  86, 152,  33, 105,  23, 232, 138, 230, 224, 186, 164,  51, 185, 157,
    196, 102,  14, 162, 175, 171,  42,  59, 209, 246, 203,   6,  79, 181,  25,  70,
    179, 176,  39,  92, 135, 124, 116, 253, 193, 206, 177,  99,  56,  22,  36, 112,
    158, 239, 172,  16,  52, 223,  74,  20, 101, 250, 155, 221, 245, 118, 109, 134,
    200, 113, 130, 238,  68, 184,  75, 144,  47,  48,  26, 114, 169, 136, 247,  31,
    147, 188, 122, 241, 251, 182, 168, 103,  30, 139,  72,  63,  29, 202, 108, 141,
      1, 156, 197,  83,  35, 170, 111, 244,  46,  38,   5, 127, 153, 115, 165, 218,
     12, 229, 242, 255, 198,  32,  88,  50, 128, 237,  61,  64,  57,  81, 213,   9,
    254, 110, 227, 215, 173,  69,  58, 226, 133,  28, 194, 123, 204, 233,  54,   3
]

# Comma-separated format:
142, 107, 195, 243, 214, 98, 27, 78, 183, 37, 8, 67, 222, 140, 248, 225, 166, 106, 4, 40, 80, 174, 129, 87, 117, 167, 163, 19, 154, 249, 11, 44, 149, 49, 145, 159, 192, 93, 236, 240, 85, 82, 180, 137, 211, 217, 100, 45, 148, 96, 66, 97, 76, 43, 161, 21, 151, 77, 90, 84, 191, 201, 15, 95, 131, 10, 0, 146, 207, 53, 65, 2, 34, 208, 119, 132, 24, 125, 120, 212, 178, 205, 104, 17, 126, 73, 187, 150, 220, 216, 219, 228, 60, 199, 252, 231, 160, 18, 91, 189, 55, 89, 7, 121, 13, 94, 143, 234, 210, 235, 71, 41, 62, 190, 86, 152, 33, 105, 23, 232, 138, 230, 224, 186, 164, 51, 185, 157, 196, 102, 14, 162, 175, 171, 42, 59, 209, 246, 203, 6, 79, 181, 25, 70, 179, 176, 39, 92, 135, 124, 116, 253, 193, 206, 177, 99, 56, 22, 36, 112, 158, 239, 172, 16, 52, 223, 74, 20, 101, 250, 155, 221, 245, 118, 109, 134, 200, 113, 130, 238, 68, 184, 75, 144, 47, 48, 26, 114, 169, 136, 247, 31, 147, 188, 122, 241, 251, 182, 168, 103, 30, 139, 72, 63, 29, 202, 108, 141, 1, 156, 197, 83, 35, 170, 111, 244, 46, 38, 5, 127, 153, 115, 165, 218, 12, 229, 242, 255, 198, 32, 88, 50, 128, 237, 61, 64, 57, 81, 213, 9, 254, 110, 227, 215, 173, 69, 58, 226, 133, 28, 194, 123, 204, 233, 54, 3
