# V4 Final S-box - PERTURBATION KAPALI
# Generated on: 2026-01-19T23:23:48.893

sbox = UInt8[
    142, 249, 203, 243,  19,  98,  27,  54, 125,  18, 225, 208, 218, 132, 248,  97,
    166,   3, 187,  45, 226, 174,   6,  87,  83,  15, 112,  22, 217,  50,   2,  44,
    149,  48, 145, 219,  64,  93, 176, 240, 117,  82, 180, 239, 220, 175, 100, 133,
    140,  69, 247,  96,  76,  43, 161,  21, 215,  77, 222,  84, 207, 201, 137, 146,
    131,  10,   0, 223,  41,  85,  73, 109,  34,  38, 119, 152,  24,  11, 198,  80,
    178, 205, 255,  33, 186,  88, 229,  72, 177, 221,  20, 231, 110,   4, 252,  90,
     23,  37,  91, 189,  39,  89,   7, 121,  32,  94, 143, 111, 210, 235, 159, 182,
     55, 108,  86,   5, 195, 105,  13, 232, 138, 230, 160, 211,  78,  51, 185, 157,
    196, 107,  14, 162, 173, 234,  42, 127, 209, 151, 194, 244, 116, 236,  63,  70,
    179,  79, 135, 126, 120, 103, 106, 253, 193, 206, 118,  99,  56, 214,  36, 124,
    158, 183, 172,  16,  92, 104,  74,  31,  66, 250, 155, 213, 245,  71, 154, 134,
    163, 113, 130, 238, 191, 184,  75,  28,  47, 123,  26, 169, 216, 136,  53, 164,
    147, 188, 101, 227, 233,  68, 168, 102,  30, 139, 150,  25,  29, 202, 165, 141,
      1,  40, 228,  95,  35, 170, 128, 156,  46,  67, 148, 251, 153, 115,  49, 212,
     12, 197, 242, 190, 129, 224,  65, 241, 171, 237,  61,  52,  57,  81, 199,   9,
    254,  60,   8, 246, 167,  59,  58, 181, 200, 144, 192,  17, 204,  62, 122, 114
]
