# Initial S-box before optimization
# Generated on: 2025-07-16T15:00:24.648
# Format: 16 values per line (256 total)

sbox = UInt8[
    105, 130, 214,   1,  26, 235,  21,  91,  46, 248, 151,  44,  84, 211, 203, 255,
    127,  55, 174,   0, 232, 216,  53, 207, 230, 112, 222,  59, 231, 221, 252,  40,
     79,  34, 122, 120,  41, 196, 143, 183, 188, 171,  71, 170,  51, 239,  52, 118,
    192,  60, 224, 213, 167,  14,  29,  30, 124, 173,  45,  27,  54, 185, 247, 186,
     92, 113,  99, 184, 205, 243,  12,  31, 149, 179, 129,  73,  22, 223, 212,   2,
    108,  16, 107,  96, 226,  32,   3,  69, 177, 201, 145,   7,  85, 200,  28,  98,
    128,  68, 126, 237,  25, 115,  87,  90, 215,  88,   9,  13, 250, 172,  94,  82,
     39, 197,  67,  57, 220, 142,  74, 168, 117, 100, 251, 219,  89, 166, 132, 163,
    114, 133, 164,  38,  86, 195, 254,  61,  35,  70,  77, 208,  78,  17,  18, 228,
    138, 217,  58, 136, 109, 162, 169,  97, 141, 148, 210,  24, 135, 176, 202, 111,
     47,   8, 155, 144, 125, 236, 116,  11, 191, 182, 180,  83, 253, 102,  56,  64,
    131, 206, 159, 241,  20, 233, 229, 147, 178, 249, 209, 234,  81, 137, 150,  36,
     10, 225,  19,  15, 110, 119, 152, 101, 158, 198, 139,  63, 246,  23, 123, 103,
    218, 161, 190, 121, 140, 242, 146, 156,  66, 104,  50,  43, 227, 240, 204, 245,
     80,   6, 165,  48, 134,   5,  75, 194, 187,  65, 160, 244,  49,  95, 157,   4,
     76,  72, 238, 154,  37, 181, 199,  93, 175,  62, 106,  33,  42, 153, 193, 189
]

# Comma-separated format:
105, 130, 214, 1, 26, 235, 21, 91, 46, 248, 151, 44, 84, 211, 203, 255, 127, 55, 174, 0, 232, 216, 53, 207, 230, 112, 222, 59, 231, 221, 252, 40, 79, 34, 122, 120, 41, 196, 143, 183, 188, 171, 71, 170, 51, 239, 52, 118, 192, 60, 224, 213, 167, 14, 29, 30, 124, 173, 45, 27, 54, 185, 247, 186, 92, 113, 99, 184, 205, 243, 12, 31, 149, 179, 129, 73, 22, 223, 212, 2, 108, 16, 107, 96, 226, 32, 3, 69, 177, 201, 145, 7, 85, 200, 28, 98, 128, 68, 126, 237, 25, 115, 87, 90, 215, 88, 9, 13, 250, 172, 94, 82, 39, 197, 67, 57, 220, 142, 74, 168, 117, 100, 251, 219, 89, 166, 132, 163, 114, 133, 164, 38, 86, 195, 254, 61, 35, 70, 77, 208, 78, 17, 18, 228, 138, 217, 58, 136, 109, 162, 169, 97, 141, 148, 210, 24, 135, 176, 202, 111, 47, 8, 155, 144, 125, 236, 116, 11, 191, 182, 180, 83, 253, 102, 56, 64, 131, 206, 159, 241, 20, 233, 229, 147, 178, 249, 209, 234, 81, 137, 150, 36, 10, 225, 19, 15, 110, 119, 152, 101, 158, 198, 139, 63, 246, 23, 123, 103, 218, 161, 190, 121, 140, 242, 146, 156, 66, 104, 50, 43, 227, 240, 204, 245, 80, 6, 165, 48, 134, 5, 75, 194, 187, 65, 160, 244, 49, 95, 157, 4, 76, 72, 238, 154, 37, 181, 199, 93, 175, 62, 106, 33, 42, 153, 193, 189
