# Final optimized S-box - THREAD-SAFE VERSION with Early Stopping
# Generated on: 2025-07-30T14:15:19.015
# Format: 16 values per line (256 total)

sbox = UInt8[
    105, 130, 214,  51,  26, 233,  21,  91, 197, 149, 151,  44,  84, 211, 203, 255,
    127,  55, 174,   0, 232, 165,  53, 207, 230, 112, 222,  59, 231, 173, 252,  40,
     79,  34, 122, 116,  41, 196,  80, 183, 242, 171, 133, 170, 175, 239,  52, 236,
    194,  46, 224,  93,   6,  14, 189,  30, 254,  45, 248, 243,  54, 185, 247, 186,
     92, 113,  99, 143, 205,  27,  12,  31, 221, 179, 129,  73,  22, 223, 212,  50,
    108,  16, 107,  35, 131,  32,   3,  69, 177, 125, 145,   7,  85, 200,  28,  98,
    192,  68, 216, 237,  25, 115,  87,  90, 215,  88,   9,  13, 250,  60,  94,  82,
     39, 172,  67,  57, 220, 226,  74, 168, 117, 100, 251, 219,  89, 138, 132,  49,
    114,  77, 164,  38,  33, 195, 244,  61, 182,  70,  71, 208,  78,  17,  18, 228,
     86, 217,  58, 136, 109, 162, 169,  97,  29, 148, 210,  24, 135, 176, 202, 111,
     47,   8, 155, 184, 144, 235, 126,  11, 167,  96, 180,  83, 253, 102,  56,  64,
    142, 206, 159, 241,  20, 106, 229, 147, 166, 249, 209, 234,  81, 137, 150,  36,
     10, 225,  19,  15, 110, 119, 152, 101, 158, 198, 139,  63, 246,  23, 123, 103,
    218, 161, 190, 121, 140, 124, 146, 156,  66, 104,  42,  43, 227, 240, 204, 245,
    201, 191, 120,  48, 134,   5,  75, 128, 187,  65, 160, 188, 163,  95, 157,   4,
     76,  72, 238, 154,  37, 181, 199, 213,   1,  62, 118, 178,   2, 153, 193, 141
]

# Comma-separated format:
105, 130, 214, 51, 26, 233, 21, 91, 197, 149, 151, 44, 84, 211, 203, 255, 127, 55, 174, 0, 232, 165, 53, 207, 230, 112, 222, 59, 231, 173, 252, 40, 79, 34, 122, 116, 41, 196, 80, 183, 242, 171, 133, 170, 175, 239, 52, 236, 194, 46, 224, 93, 6, 14, 189, 30, 254, 45, 248, 243, 54, 185, 247, 186, 92, 113, 99, 143, 205, 27, 12, 31, 221, 179, 129, 73, 22, 223, 212, 50, 108, 16, 107, 35, 131, 32, 3, 69, 177, 125, 145, 7, 85, 200, 28, 98, 192, 68, 216, 237, 25, 115, 87, 90, 215, 88, 9, 13, 250, 60, 94, 82, 39, 172, 67, 57, 220, 226, 74, 168, 117, 100, 251, 219, 89, 138, 132, 49, 114, 77, 164, 38, 33, 195, 244, 61, 182, 70, 71, 208, 78, 17, 18, 228, 86, 217, 58, 136, 109, 162, 169, 97, 29, 148, 210, 24, 135, 176, 202, 111, 47, 8, 155, 184, 144, 235, 126, 11, 167, 96, 180, 83, 253, 102, 56, 64, 142, 206, 159, 241, 20, 106, 229, 147, 166, 249, 209, 234, 81, 137, 150, 36, 10, 225, 19, 15, 110, 119, 152, 101, 158, 198, 139, 63, 246, 23, 123, 103, 218, 161, 190, 121, 140, 124, 146, 156, 66, 104, 42, 43, 227, 240, 204, 245, 201, 191, 120, 48, 134, 5, 75, 128, 187, 65, 160, 188, 163, 95, 157, 4, 76, 72, 238, 154, 37, 181, 199, 213, 1, 62, 118, 178, 2, 153, 193, 141
