# Final optimized S-box
# Generated on: 2025-07-09T14:31:38.527
# Format: 16 values per line (256 total)

sbox = UInt8[
    213,  58, 195, 231, 248,  98,  27,  78, 183,  18,   8,  68, 222,  51, 106, 225,
    166,  44,   4, 192, 114, 151, 244,  87,  83, 164,  12,   5, 154, 249,  11,  56,
    149,  49,  21,  45,  71,  93, 116, 240,  85, 188, 180, 137, 220, 246, 100, 156,
    140, 113, 247,  96, 245,  43, 161,  34, 150,  77,  72,  84,  57,  69,  15, 217,
    131,  10,   0, 169,  41,  53,  23, 142,  61,  38, 119, 148,  24, 159, 135,  73,
    178, 205, 255,  64, 186, 201,   9, 228, 177, 212, 126, 237,  95, 199, 252, 122,
     65,  37,  47, 189,  55,  89,   7, 121,  33,  94, 143, 111, 210, 235, 125, 182,
    102,  19, 107, 152, 160, 162,  13, 232, 138, 230, 224, 105, 110, 132, 185, 157,
    196, 127,  14, 211, 175, 234,  42,  59, 209, 167, 203,   6,  79, 236,  63,  70,
    179, 176, 208,  92,  82, 226, 214, 253, 193, 206, 163,  80, 174,  22,  36, 112,
    158, 239, 172, 207,  31, 223,  74,  20,  66, 250, 155, 221,  76, 118,   2, 134,
    124,  91, 130, 238, 191, 184,  75,  28, 123,  48,  26,  86, 216, 136, 117,  17,
    147, 233, 103, 241, 120,  39, 168, 227,  30, 219,  46,  25,  29, 202, 165, 141,
      1,  40, 197, 109,  35, 170, 108, 198,  99,  67, 204, 251, 153, 115, 104, 218,
    139, 229, 242, 190, 129,  32,  88, 128, 171, 243, 146,  52, 187,  81, 101,  16,
    254,  60,  90, 215, 173,  97,   3, 181, 133, 144, 194, 145, 200,  62,  54,  50
]

# Comma-separated format:
213, 58, 195, 231, 248, 98, 27, 78, 183, 18, 8, 68, 222, 51, 106, 225, 166, 44, 4, 192, 114, 151, 244, 87, 83, 164, 12, 5, 154, 249, 11, 56, 149, 49, 21, 45, 71, 93, 116, 240, 85, 188, 180, 137, 220, 246, 100, 156, 140, 113, 247, 96, 245, 43, 161, 34, 150, 77, 72, 84, 57, 69, 15, 217, 131, 10, 0, 169, 41, 53, 23, 142, 61, 38, 119, 148, 24, 159, 135, 73, 178, 205, 255, 64, 186, 201, 9, 228, 177, 212, 126, 237, 95, 199, 252, 122, 65, 37, 47, 189, 55, 89, 7, 121, 33, 94, 143, 111, 210, 235, 125, 182, 102, 19, 107, 152, 160, 162, 13, 232, 138, 230, 224, 105, 110, 132, 185, 157, 196, 127, 14, 211, 175, 234, 42, 59, 209, 167, 203, 6, 79, 236, 63, 70, 179, 176, 208, 92, 82, 226, 214, 253, 193, 206, 163, 80, 174, 22, 36, 112, 158, 239, 172, 207, 31, 223, 74, 20, 66, 250, 155, 221, 76, 118, 2, 134, 124, 91, 130, 238, 191, 184, 75, 28, 123, 48, 26, 86, 216, 136, 117, 17, 147, 233, 103, 241, 120, 39, 168, 227, 30, 219, 46, 25, 29, 202, 165, 141, 1, 40, 197, 109, 35, 170, 108, 198, 99, 67, 204, 251, 153, 115, 104, 218, 139, 229, 242, 190, 129, 32, 88, 128, 171, 243, 146, 52, 187, 81, 101, 16, 254, 60, 90, 215, 173, 97, 3, 181, 133, 144, 194, 145, 200, 62, 54, 50
