# Final optimized S-box - COMPOSITE FITNESS WITH EARLY STOPPING
# Generated on: 2026-01-29T08:31:51.856
# Format: 16 values per line (256 total)

sbox = UInt8[
    150, 157,  36,  72,  25,   3, 242, 128, 134,  54,   8,  34,  99,  37, 184, 122,
    160, 152,   0, 196, 109, 198, 202,  93,  26,   6, 209, 212, 104, 216, 213, 250,
    233, 108, 249, 159,  12,  64, 145,  52, 146, 186, 224, 234, 101, 251,  19, 227,
    167,  17,  32, 148, 191,  22, 219, 151, 161,  87,  51, 189, 106,  57, 246, 177,
     63, 162, 144,  59,  82,  16, 192,  83,  50,  90, 232,  95,  69,  45,  62, 143,
     46, 204,  55, 129,  89, 115, 244, 226,  53, 243,  65,  92, 193,  67,  43, 175,
      7, 149, 179,  10, 133, 126, 178, 231,   1, 248,  31,  56, 172, 140, 111, 154,
    180, 194,  60, 166,  38, 114, 240, 164, 225,  58, 141, 236,  68, 237, 174,  73,
     29, 220,  15, 116, 207, 255, 206,  75, 252, 183, 170, 171, 254, 217, 112, 185,
    100,   2, 235,  78, 136,  76, 156, 139, 205, 215, 127,  77, 229,  33,  42,  14,
    182, 238, 169, 200,  39,  98, 253,  91, 201, 210, 121, 203,  85,  35, 135,  88,
     20, 245, 123,  86, 214, 187, 247, 137, 176, 155, 241, 153,  13, 131, 105, 211,
     66, 195,  79, 147, 190, 103, 168, 173, 107,  84,  96,  48, 221, 197,  40, 120,
     47, 181,  74, 125,  94, 228,  44, 138,  30, 119, 208,  18, 130, 165, 110,  23,
     28,  97,   4,  21, 230, 113, 118, 199, 132, 124,  27, 142,   9,  71, 117,  41,
    163, 223, 188,  81,  49,  11,  70,  24,  61,  80, 102, 158,   5, 239, 222, 218
]

# Comma-separated format:
150, 157, 36, 72, 25, 3, 242, 128, 134, 54, 8, 34, 99, 37, 184, 122, 160, 152, 0, 196, 109, 198, 202, 93, 26, 6, 209, 212, 104, 216, 213, 250, 233, 108, 249, 159, 12, 64, 145, 52, 146, 186, 224, 234, 101, 251, 19, 227, 167, 17, 32, 148, 191, 22, 219, 151, 161, 87, 51, 189, 106, 57, 246, 177, 63, 162, 144, 59, 82, 16, 192, 83, 50, 90, 232, 95, 69, 45, 62, 143, 46, 204, 55, 129, 89, 115, 244, 226, 53, 243, 65, 92, 193, 67, 43, 175, 7, 149, 179, 10, 133, 126, 178, 231, 1, 248, 31, 56, 172, 140, 111, 154, 180, 194, 60, 166, 38, 114, 240, 164, 225, 58, 141, 236, 68, 237, 174, 73, 29, 220, 15, 116, 207, 255, 206, 75, 252, 183, 170, 171, 254, 217, 112, 185, 100, 2, 235, 78, 136, 76, 156, 139, 205, 215, 127, 77, 229, 33, 42, 14, 182, 238, 169, 200, 39, 98, 253, 91, 201, 210, 121, 203, 85, 35, 135, 88, 20, 245, 123, 86, 214, 187, 247, 137, 176, 155, 241, 153, 13, 131, 105, 211, 66, 195, 79, 147, 190, 103, 168, 173, 107, 84, 96, 48, 221, 197, 40, 120, 47, 181, 74, 125, 94, 228, 44, 138, 30, 119, 208, 18, 130, 165, 110, 23, 28, 97, 4, 21, 230, 113, 118, 199, 132, 124, 27, 142, 9, 71, 117, 41, 163, 223, 188, 81, 49, 11, 70, 24, 61, 80, 102, 158, 5, 239, 222, 218
