# V4 Final S-box - PERTURBATION KAPALI
# Generated on: 2026-01-21T17:33:37.886

sbox = UInt8[
    144, 180, 129,  72,  31, 230, 243, 128, 134, 132,   8,  34,  99, 110, 184,  15,
    160, 152,   0,  74, 101, 198, 202,  95,  66,   6, 147, 196,  65, 245, 108,  96,
    169,  61, 249, 159,  12,  76, 253,  52,  18, 246, 151, 234, 229, 141,  83, 227,
    167,  63,  32, 158,  17,  22, 195,   2, 228,  87,  51, 189, 162,  57, 226, 143,
     89,  42,   4,  59, 179, 112, 254,  82,  50,  90, 103, 154,  69,  45,  62,   3,
     44, 204, 111,  33,  67, 123, 244,  98, 216, 251, 161,  93,  97, 241,  43, 238,
     37, 157,  19, 124, 133,  70, 178, 231, 217, 248,  29, 146, 172, 140, 145,  79,
    139, 210, 182, 166,  86, 119, 240, 164, 225, 242,  47, 109,  68, 237, 174, 131,
     25, 220,  10, 149, 207, 115, 206,  13, 252, 183, 170, 171, 122, 104,  48,  85,
    100, 205, 235,  78,  54, 200, 156, 127, 209,  56, 188,  77, 153, 185, 106,  14,
     60, 135, 168,  55,  39,  58,  64,  73, 201, 208, 121,  20,  92, 218, 191,  88,
     84, 175, 233, 255, 212, 223, 247, 137, 176, 155, 214, 213,   9,  91, 105, 194,
     26, 211,  75, 224, 190, 250, 232, 173, 107, 203,  94,  16, 187, 197,  40,  35,
    114, 181,   1, 125, 219,  36,  46, 138,  30, 116, 215,   7, 130, 165,  38,  23,
    193,  28, 150,  21, 239, 113, 118, 236, 136, 192,  27, 126,  53,  71, 117,  41,
    163, 221, 177,  81,  49,  11, 142,  24, 199,  80, 102, 148,   5, 186, 222, 120
]
