# V4 Final S-box - PERTURBATION KAPALI
# Generated on: 2026-01-20T14:48:09.805

sbox = UInt8[
    230, 115, 195, 179, 214,   6, 198,  78, 181, 142,   8, 211, 222, 132, 248, 227,
    166, 197,   4,  45, 216, 174, 128, 228,  83, 217, 163,  35, 154, 250,  41,  56,
    149,  27, 145, 158, 192,  93, 119,  48,  85,  70, 180, 137, 186, 167, 100, 205,
    140, 175, 247,  96,  76,  43, 161,  21, 151,  71, 101,  84, 191, 201,  95, 164,
    194,  10,   0, 146, 207,  53,  81, 150, 235,  67, 243, 148, 208,  13, 153,  80,
    178,  77,   2,  64, 177,  73, 136, 109, 156,  20, 219, 239,  79, 199, 252, 122,
     23,  18,  91, 189,  55,  89,   7, 121,  44,  94, 143,  97, 210,  58, 135, 183,
    102, 108,  86, 152, 160, 105, 141, 232, 138, 171, 224, 213, 226,  51, 185, 157,
    196, 110,  14, 162,  39,  59,  42, 106, 209, 246, 203,  69,  15, 127,  63,  61,
    225,  87, 111,  24, 120, 200, 234, 253, 193, 131, 126,  99,  33,  22,  36, 112,
    212, 255, 172,  16,  31, 223,  74,  37,  66,  60, 155, 221, 245, 118, 124, 134,
    231, 113, 251, 238, 125, 144, 202, 206,  47, 233,  26, 114, 184,  11, 117,  17,
    147, 188, 176, 241,  28,  50, 168,   3,  30, 139,  72,  25,  29,   9, 165, 187,
      1, 130, 103,  92,  82, 170,  40, 242,  46,  38, 220, 244, 159, 249, 104, 218,
     12,  49,  65, 190, 129,  32,  88, 236, 240, 237,  19,  52,  57, 229,   5,  75,
    254, 107, 182, 215, 173,  98,  34, 116, 133, 169,  90, 123, 204,  62,  54,  68
]
