# V4 Final S-box - PERTURBATION KAPALI
# Generated on: 2026-01-21T21:48:53.004

sbox = UInt8[
     14,  45, 151, 106, 215, 118, 191, 132,  25, 101, 120,  83, 146, 249, 228,  52,
     85, 245,   7,  87,  72,  94, 150,  11,  43, 117, 133, 131,  13,   5, 207,  97,
    216, 128, 184, 206, 194,  18, 248, 179, 160, 122, 241, 181,  99,  58, 187, 114,
    254,  28,  44, 251,  19, 172, 190,  93,   1, 230,  65,  90, 137,  82,  63,  71,
    173, 127,  38,  17, 140,  39,  95,  55, 178, 186, 153,  50,  67,  69,  42,  64,
     74,  68, 229, 192, 237,  62, 224,  21, 195, 145, 138,  98, 209, 185, 213, 119,
    233, 166,  16, 242, 143, 109, 214, 240, 126, 100, 204,  92, 247, 221, 202, 159,
      4, 164, 148,  27,  80, 169,  53, 161, 142,  41, 205,  33,  70,  89,  30, 129,
    152, 235, 252, 231,  73, 170,  56, 104, 167, 225,  54,  51, 200, 102, 115, 162,
    208, 180, 134,  78,  37, 158,  20, 157, 103, 226,  59, 135,   8, 125,  15, 199,
    212,  35,   6, 182,  66, 124, 218,  22, 250, 147,  86,   2, 171, 196,  23, 113,
     76, 121, 105, 239,  96,  26,  79, 141, 112, 232,  10,  48,  91,  46, 174, 255,
    189, 253, 156, 220, 234,  84, 203, 107,  32,  49, 165, 188, 243, 175,  75,   3,
     88, 154, 197, 116,  40, 176,  47, 110, 163,  60, 201, 198, 238,  31,  36, 136,
     29, 211, 155, 193, 236, 222, 139,  57, 108, 144,   9,  81, 183,  34, 227, 244,
    130, 123,  77,  24, 168, 246, 177, 219, 223, 111, 210,  61,   0,  12, 217, 149
]
