# V4 Final S-box - PERTURBATION KAPALI
# Generated on: 2026-01-21T17:52:04.899

sbox = UInt8[
    144, 157, 161,  72, 202,  56, 230,  40, 134, 132,   8,  34,  99,  37, 184,  21,
    160, 152,   0,  74, 101, 198, 143,  31,  66,   6, 147, 196, 180, 216, 109,  96,
    254, 108, 234, 159, 142,  69, 163,  52, 146, 246, 211, 243, 229, 233,  83, 187,
    167, 151,  32, 158, 191,  22, 219,  23, 228,  87,  51, 189,  18, 185, 226, 255,
      9, 162,  50,  59,  63,  16, 116,  82,  62,  90, 169, 247, 212,  45, 227, 215,
     44, 204, 106,  81,  89,  11, 244,  79,  14, 251, 129,  92, 193,  67,  93, 175,
     46, 149, 179, 124, 133, 126,  54, 231,   1, 218,  29, 197, 236, 140, 100,  86,
    248, 210, 115, 166, 178, 114, 240, 164, 225, 242, 141,  80,  68, 237,  38,  73,
     25, 221,  20, 250, 207, 224, 206,  13, 252, 190, 170,   2, 122, 220, 112, 249,
    103,   7, 235,  78, 135,  76, 156,  19, 209, 205, 127,  77, 153,  33,  42,  94,
     60, 107, 168, 145,  39,  58, 200,  91, 201, 208, 121, 138,  64, 137,  53,  88,
     84, 245, 123, 150, 183, 238,  43,  15, 176, 155, 241, 213, 128, 131, 105, 194,
     26, 195, 203, 177,   4, 111, 232, 173, 104,  98,  95,  48, 217, 171,  57,  35,
     47,  12,  85, 125,  75,  36, 174,  10,  30, 119, 182, 154, 130, 165, 110,  55,
     28,  97, 214,   3, 239, 113, 118, 199, 136, 192,  27, 181,  17,  71, 117,  41,
    253, 223, 188,  65,  49, 139,  70,  24,  61, 172, 102, 148,   5, 186, 222, 120
]
