# Final optimized S-box - THREAD-SAFE VERSION with Early Stopping
# Generated on: 2025-07-22T19:13:25.236
# Format: 16 values per line (256 total)

sbox = UInt8[
      9,  62, 116, 119, 214,  34,  27,  78, 183,  29, 173, 167, 222, 150, 248,  65,
    174,   3,  54,  45, 216, 189, 107,  87,  83, 217, 163,  19, 123, 249,   8,  44,
    137,  31, 238, 208, 252, 142,  35, 240,  85,  82, 180, 149, 210,  93, 100, 156,
    140,  69, 247,  96,  76,  43, 161,  49, 151,  77, 241,  84, 191, 201,  15, 134,
    131,  26,   0, 146, 207,  53, 224, 147,  98,  67,  37, 148,  24, 125, 135,  80,
    178, 205, 145,  64, 239,  73, 187, 184, 175, 212, 219,  94, 132, 199, 192, 122,
     23,  18,  91, 182,  55, 168,   7, 121,  33, 101, 143, 111, 243, 235,  48, 166,
    102, 206,  86, 152, 160, 105,  13, 232, 138, 230, 109, 211, 218,  51, 185, 157,
    196, 127,  90,   2, 220, 234,  42,  59, 198, 246, 203,   6,  79, 226,  63,  70,
    179, 176,  39,  92, 120, 200, 106, 253,  81,  61,  30,  99,  56,  22,  36, 112,
    158, 177, 172,  16,  21,  32, 209,  20,  66, 186, 155, 221, 245, 118, 181, 164,
    124, 113, 130, 255, 104,  58,  75, 171,   5, 159,  40, 114, 169, 136, 117,  17,
    225, 188, 228, 215, 233,  68,   4, 103, 126, 139,  72,  25, 250, 202, 165, 141,
      1,  10, 197,  74, 195, 170, 128, 244,  46, 110,  47, 251, 162, 115,  41,  38,
     12, 229, 242, 190, 129, 223,  88, 236,  28, 237, 108,  52,  57, 193,  71, 231,
    254,  60, 227, 213,  11,  97,  89, 153, 133, 144, 194, 154, 204,  14,  95,  50
]

# Comma-separated format:
9, 62, 116, 119, 214, 34, 27, 78, 183, 29, 173, 167, 222, 150, 248, 65, 174, 3, 54, 45, 216, 189, 107, 87, 83, 217, 163, 19, 123, 249, 8, 44, 137, 31, 238, 208, 252, 142, 35, 240, 85, 82, 180, 149, 210, 93, 100, 156, 140, 69, 247, 96, 76, 43, 161, 49, 151, 77, 241, 84, 191, 201, 15, 134, 131, 26, 0, 146, 207, 53, 224, 147, 98, 67, 37, 148, 24, 125, 135, 80, 178, 205, 145, 64, 239, 73, 187, 184, 175, 212, 219, 94, 132, 199, 192, 122, 23, 18, 91, 182, 55, 168, 7, 121, 33, 101, 143, 111, 243, 235, 48, 166, 102, 206, 86, 152, 160, 105, 13, 232, 138, 230, 109, 211, 218, 51, 185, 157, 196, 127, 90, 2, 220, 234, 42, 59, 198, 246, 203, 6, 79, 226, 63, 70, 179, 176, 39, 92, 120, 200, 106, 253, 81, 61, 30, 99, 56, 22, 36, 112, 158, 177, 172, 16, 21, 32, 209, 20, 66, 186, 155, 221, 245, 118, 181, 164, 124, 113, 130, 255, 104, 58, 75, 171, 5, 159, 40, 114, 169, 136, 117, 17, 225, 188, 228, 215, 233, 68, 4, 103, 126, 139, 72, 25, 250, 202, 165, 141, 1, 10, 197, 74, 195, 170, 128, 244, 46, 110, 47, 251, 162, 115, 41, 38, 12, 229, 242, 190, 129, 223, 88, 236, 28, 237, 108, 52, 57, 193, 71, 231, 254, 60, 227, 213, 11, 97, 89, 153, 133, 144, 194, 154, 204, 14, 95, 50
