# Final optimized S-box - COMPOSITE FITNESS WITH EARLY STOPPING
# Generated on: 2026-01-29T14:45:48.993
# Format: 16 values per line (256 total)

sbox = UInt8[
    105, 130, 214,  36, 218, 235,  21,  91,  46, 248, 151,  44,  29, 211, 207, 255,
    127,  55,  40,  14, 125, 216,  53, 137, 232, 112, 222,  31, 231, 221, 252, 158,
    120,   0, 122,  93,  41, 178,   4, 183, 188, 171,  71, 170,  51, 239,  52, 118,
    192,  60, 224, 175, 167,  79,  20,  30, 143, 173,  45,  27,  54, 156, 247, 186,
     92, 113,  98, 184, 205, 243,  12,  63, 149, 179, 136,  78,  22, 223, 212,   2,
    108,  16, 210,  96, 254,  32,   3, 197, 177,  56, 145, 230,  85, 200,  24, 226,
    128, 196, 126, 237,  25, 115,  87,  90, 215,  88,   9,  13, 250, 172,  94, 201,
     39, 234,  82,  57, 220, 142,  74,   7, 117, 100, 251, 219,  89,  81, 132, 163,
    114,  69, 164,  38,  86, 213, 228,  61,  35,  70,  77, 208,  83,  17,  18, 227,
    162, 217,  58,   1, 109, 168, 169,  97,  67, 148, 107, 153, 135, 176, 204, 111,
     47,   8, 155,  48, 138, 236, 244,  11, 191, 182, 180, 110, 253, 102, 124,  64,
    131, 206, 159, 195,  84, 233, 229, 147,  68, 249, 209, 133, 166, 203, 150, 160,
     10, 225,  19,  15,  73, 119, 152, 101, 174, 198, 139,  59, 246,  23, 123, 103,
    154, 129, 190, 121, 140, 242, 146, 185,  66, 104,  50,  43,  99, 240,  65, 241,
     80,  34, 165, 144, 134,   5,  75, 194, 187, 202, 161, 245,  49,  95, 157,  28,
     76,  72, 238,  26,  37, 181, 199,   6, 116,  62, 106,  33,  42, 141, 193, 189
]

# Comma-separated format:
105, 130, 214, 36, 218, 235, 21, 91, 46, 248, 151, 44, 29, 211, 207, 255, 127, 55, 40, 14, 125, 216, 53, 137, 232, 112, 222, 31, 231, 221, 252, 158, 120, 0, 122, 93, 41, 178, 4, 183, 188, 171, 71, 170, 51, 239, 52, 118, 192, 60, 224, 175, 167, 79, 20, 30, 143, 173, 45, 27, 54, 156, 247, 186, 92, 113, 98, 184, 205, 243, 12, 63, 149, 179, 136, 78, 22, 223, 212, 2, 108, 16, 210, 96, 254, 32, 3, 197, 177, 56, 145, 230, 85, 200, 24, 226, 128, 196, 126, 237, 25, 115, 87, 90, 215, 88, 9, 13, 250, 172, 94, 201, 39, 234, 82, 57, 220, 142, 74, 7, 117, 100, 251, 219, 89, 81, 132, 163, 114, 69, 164, 38, 86, 213, 228, 61, 35, 70, 77, 208, 83, 17, 18, 227, 162, 217, 58, 1, 109, 168, 169, 97, 67, 148, 107, 153, 135, 176, 204, 111, 47, 8, 155, 48, 138, 236, 244, 11, 191, 182, 180, 110, 253, 102, 124, 64, 131, 206, 159, 195, 84, 233, 229, 147, 68, 249, 209, 133, 166, 203, 150, 160, 10, 225, 19, 15, 73, 119, 152, 101, 174, 198, 139, 59, 246, 23, 123, 103, 154, 129, 190, 121, 140, 242, 146, 185, 66, 104, 50, 43, 99, 240, 65, 241, 80, 34, 165, 144, 134, 5, 75, 194, 187, 202, 161, 245, 49, 95, 157, 28, 76, 72, 238, 26, 37, 181, 199, 6, 116, 62, 106, 33, 42, 141, 193, 189
